956
916
988
1011
991
988
1016
1068
1063
1047
1071
1135
1143
1124
1135
1203
1223
1204
1204
1275
1807
1795
1276
1916
1908
1915
1919
1919
1948
1939
1928
1968
2012
2011
1996
2023
1055
1060
1043
1047
1111
1124
1108
1107
1171
1184
1171
1168
1247
1252
1247
1243
1808
1843
1832
1824
1912
1912
1908
1892
1915
1983
1971
1951
1951
2015
2020
1996
1991
2047
2055
2031
2016
2072
2080
2063
2044
2087
2107
2084
2063
2087
2120
2104
2079
2084
2128
2120
2091
2080
2132
2136
2107
2091
2140
2147
2119
2103
2159
2159
2132
2115
2156
2176
2151
2127
2159
2187
2168
2143
2156
2195
2191
2159
2144
2200
2207
2172
2159
2211
2215
2188
2168
2223
2231
2207
2187
2227
2247
2223
2196
2223
2271
2243
2212
2220
2267
2271
2224
2212
2271
2272
2243
2224
2284
2284
2255
2236
2291
2296
2271
2248
2295
2827
2284
2268
2288
2835
2819
2275
2287
2843
2836
2288
2279
2847
2848
2819
2288
2856
2860
2835
2300
2871
2940
2852
2831
2876
2928
2871
2847
2872
2912
2943
2867
2872
2927
2916
2943
2871
2928
2932
2935
2940
2940
2944
2916
2935
2956
2964
2940
2919
2964
3000
2956
2935
2963
2996
3007
2951
2959
3007
3000
2964
2952
3011
3015
3007
2964
3020
3023
2992
3004
3036
3036
3012
3007
3035
3052
3039
3003
3036
3064
3052
3019
3036
3068
3067
3039
3020
2051
2055
3044
3032
2056
2063
3056
3039
2067
2072
2048
3052
2068
2088
2060
3063
2063
2099
2080
2051
2056
2103
2095
2060
2051
2100
2103
2071
2055
2107
2104
2079
2056
2111
2115
2087
2064
2104
2123
2096
2071
2095
2128
2111
2083
2088
2132
2124
2092
2083
2132
2139
2107
2092
2147
2148
2123
2104
2156
2164
2140
2120
2163
2180
2156
2135
2160
2195
2183
2156
2160
2204
2203
2172
2160
2215
2220
2188
2176
2227
2228
2203
2187
2236
2244
2220
2199
2236
2268
2232
2208
2232
2267
2248
2223
2227
2271
2264
2231
2220
2268
2272
2243
2231
2279
2284
2252
2236
2287
2292
2271
2251
2288
2820
2284
2268
2287
2827
2300
2272
2279
2831
2827
2284
2272
2832
2836
2296
2287
2840
2844
2819
2288
2848
2855
2831
2299
2847
2867
2840
2303
2839
2871
2852
2827
2831
2871
2867
2831
2819
2867
2871
2840
2827
2872
2875
2844
2827
2875
2943
2855
2835
2868
2939
2867
2840
2860
2943
2876
2848
2852
2940
2939
2856
2847
2940
2943
2867
2848
2940
2943
2871
2851
2943
2932
2872
2855
2943
2935
2875
2848
2867
2940
2879
2848
2847
2940
2871
2836
2823
2860
2860
2828
2300
2848
2847
2819
2287
2832
2836
2296
2276
2816
2828
2291
2268
2284
2816
2288
2264
2264
2295
2284
2271
2244
2279
2279
2255
2236
2272
2268
2247
2231
2264
2267
2244
2227
2251
2264
2243
2220
2239
2268
2247
2224
2224
2252
2251
2220
2211
2247
2251
2227
2212
2248
2248
2224
2212
2247
2252
2232
2216
2240
2271
2239
2216
2235
2268
2244
2224
2224
2271
2252
2231
2219
2268
2268
2236
2227
2268
2271
2243
2227
2264
2271
2251
2235
2271
2276
2271
2236
2252
2279
2268
2247
2251
2287
2279
2252
2243
2287
2287
2268
2252
2288
2288
2268
2268
2295
2303
2287
2267
2292
2820
2291
2275
2288
2831
2819
2287
2288
2835
2835
2295
2284
2836
2843
2823
2296
2851
2852
2831
2816
2856
2867
2844
2828
2860
2876
2856
2839
2856
2943
2872
2852
2855
2936
2943
2860
2852
2940
2928
2872
2860
2931
2935
2940
2867
2935
2940
2939
2872
2932
2916
2931
2876
2940
2919
2940
2940
2943
2916
2915
2939
2876
2919
2924
2928
2940
2924
2927
2932
2943
2924
2932
2912
2928
2924
2940
2927
2935
2919
2944
2935
2943
2912
2944
2944
2916
2943
2948
2951
2931
2919
2955
2956
2936
2927
2960
2967
2948
2932
2956
2975
2959
2936
2952
3004
2968
2948
2951
3004
3004
2955
2944
3000
3000
2967
2955
3004
3007
2971
2956
2992
3000
3004
2964
3007
3007
3007
2971
3003
3011
3003
3004
3004
3015
3011
3003
2975
3012
3016
2995
3000
3020
3023
3000
3007
3036
3032
3012
2996
3039
3040
3036
3007
3020
3047
3036
3016
3019
3052
3052
3023
3015
3052
3056
3035
3020
3060
3063
3043
3039
3064
3072
3052
3039
3063
3080
3060
3043
3059
3087
3075
3052
3055
3084
3084
3059
3052
3087
3088
3068
3056
3092
3095
3072
3060
3099
3107
3084
3068
3092
3112
3095
3075
3088
3116
3104
3080
3083
3119
3115
3091
3076
3119
3123
3099
3084
3127
3127
3104
3088
3127
3135
3112
3099
3124
3140
3120
3100
3119
3147
3136
3112
3112
3147
3147
3119
3111
3148
3155
3128
3116
3156
3159
3136
3120
3156
3164
3147
3127
3152
3171
3148
3124
3136
3163
3151
3124
3119
3151
3143
3112
3099
3131
3124
3096
3079
3111
3107
3079
3056
3084
3087
3060
3039
3056
3068
3043
3016
3036
3047
3039
3000
2996
3036
3016
3003
2972
3007
3003
3007
2963
2995
3007
2967
2951
3007
3000
2963
2944
2964
3004
2960
2936
2951
2975
2960
2939
2932
2964
2963
2936
2924
2960
2963
2936
2927
2963
2959
2936
2927
2959
2964
2944
2924
2948
2967
2951
2928
2940
2967
2956
2932
2935
2967
2936
2927
2964
2964
2944
2935
2968
2968
2951
2939
2972
3004
2963
2947
2968
3003
2971
2951
2963
3007
3007
2960
2960
2992
2995
2968
2956
2996
3000
3004
2971
3007
3008
3007
3004
3011
3023
3000
3003
3012
3039
3015
2996
3011
3039
3036
3008
3008
3043
3043
3016
3011
3047
3052
3036
3019
3059
3056
3036
3036
3060
3071
3055
3036
3060
3079
3060
3043
3056
3084
3079
3055
3052
3088
3087
3063
3055
3091
3092
3075
3063
3096
3099
3079
3067
3099
3108
3091
3072
3095
3112
3099
3079
3091
3116
3111
3084
3084
3116
3116
3091
3083
3119
3123
3099
3087
3123
3127
3104
3088
3127
3135
3112
3096
3120
3140
3123
3100
3112
3143
3132
3108
3108
3143
3140
3115
3104
3143
3143
3120
3111
3144
3144
3124
3111
3147
3152
3135
3116
3140
3159
3140
3123
3135
3163
3155
3128
3127
3163
3160
3132
3123
3163
3164
3143
3131
3167
3167
3144
3132
3164
3175
3155
3139
3160
3180
3163
3139
3151
3180
3172
3144
3143
3180
3180
3151
3139
3180
3180
3156
3147
3184
3187
3163
3148
3183
3192
3171
3152
3180
3199
3180
3159
3168
3199
3192
3171
3164
3200
3203
3180
3167
3207
3208
3187
3172
3215
3215
3195
3183
3215
3227
3204
3191
3211
3232
3216
3196
3208
3239
3231
3207
3207
3240
3240
3212
3203
3243
3243
3220
3211
3247
3247
3224
3211
3247
3252
3235
3216
3243
3263
3247
3224
3235
3267
3256
3232
3231
3264
3267
3240
3232
3271
3272
3252
3243
3295
3292
3263
3248
3292
3296
3276
3263
3292
3303
3295
3267
3279
3311
3299
3276
3272
3308
3308
3295
3271
3311
3308
3295
3271
3300
3303
3279
3256
3292
3291
3264
3243
3259
3271
3247
3219
3223
3243
3227
3192
3180
3207
3196
3163
3143
3171
3167
3139
3116
3144
3139
3111
3088
3111
3115
3087
3063
3076
3091
3064
3036
3039
3059
3044
3016
3007
3032
3036
2999
3004
3012
3011
3000
2971
3000
2996
3004
2959
3004
2996
2975
2956
2975
2995
3004
2955
2963
3007
3007
2960
2956
3004
3007
2967
2955
3007
3004
2971
2960
2992
2995
2975
2963
3007
3000
3004
2967
3000
3000
3004
2968
3007
3003
2996
3004
2971
3004
3007
3007
2972
3011
3011
2995
3007
3019
3019
3003
3007
3016
3036
3012
3000
3019
3039
3036
3008
3019
3044
3040
3020
3016
3052
3052
3036
3019
3052
3059
3039
3036
3063
3067
3047
3032
3067
3079
3060
3047
3067
3087
3072
3052
3060
3088
3087
3067
3060
3095
3092
3072
3060
3099
3103
3080
3071
3104
3108
3088
3076
3104
3116
3099
3083
3100
3123
3107
3084
3092
3120
3116
3092
3088
3120
3120
3099
3084
3119
3123
3100
3088
3123
3124
3107
3088
3116
3128
3111
3095
3112
3131
3119
3099
3104
3128
3127
3104
3096
3128
3128
3111
3099
3132
3132
3119
3104
3139
3140
3123
3111
3136
3148
3131
3116
3135
3152
3139
3120
3127
3155
3151
3131
3123
3155
3155
3132
3127
3159
3159
3143
3131
3160
3167
3147
3132
3163
3172
3156
3140
3159
3183
3164
3147
3155
3180
3180
3156
3151
3180
3183
3163
3155
3184
3191
3175
3163
3192
3199
3180
3168
3192
3204
3191
3183
3192
3212
3199
3183
3184
3211
3207
3187
3183
3211
3208
3188
3180
3208
3211
3195
3187
3215
3216
3203
3188
3215
3227
3211
3195
3208
3228
3216
3200
3207
3228
3227
3208
3203
3231
3235
3215
3204
3239
3240
3223
3215
3244
3247
3228
3219
3240
3252
3239
3224
3240
3259
3248
3228
3236
3263
3263
3243
3235
3267
3267
3247
3239
3268
3271
3252
3247
3275
3276
3263
3248
3272
3295
3271
3255
3268
3295
3272
3252
3256
3295
3276
3259
3255
3279
3272
3251
3236
3268
3295
3276
3272
3308
3311
3292
3295
3311
3324
3308
3296
3311
3324
3312
3295
3299
3320
3319
3303
3295
3320
3320
3300
3291
3316
3319
3300
3295
3312
3311
3291
3272
3291
3295
3272
3255
3263
3271
3252
3224
3220
3239
3224
3196
3183
3200
3191
3164
3147
3164
3159
3139
3119
3136
3135
3111
3088
3103
3107
3088
3071
3075
3084
3068
3055
3044
3064
3059
3036
3036
3052
3047
3036
3015
3039
3036
3019
3008
3039
3039
3012
3000
3019
3036
3015
2999
3011
3036
3012
2992
2996
3019
3016
2996
2992
3019
3019
2999
3004
3019
3016
3004
2992
3020
3023
3004
2995
3015
3036
3008
2999
3008
3039
3015
3000
3003
3036
3036
3007
3000
3039
3039
3007
2996
3039
3036
3015
3007
3035
3035
3020
3011
3039
3044
3039
3016
3039
3055
3040
3036
3039
3056
3056
3040
3035
3067
3067
3055
3044
3075
3076
3067
3056
3091
3092
3080
3071
3095
3107
3095
3080
3096
3115
3104
3088
3095
3123
3120
3104
3096
3127
3128
3111
3103
3132
3132
3123
3112
3143
3144
3131
3116
3140
3155
3143
3127
3140
3159
3148
3132
3135
3160
3159
3140
3135
3160
3163
3143
3135
3160
3164
3148
3139
3167
3171
3152
3143
3164
3183
3164
3148
3164
3180
3175
3155
3156
3184
3183
3167
3156
3188
3188
3172
3164
3192
3196
3180
3172
3203
3204
3188
3180
3196
3211
3196
3187
3199
3219
3208
3192
3195
3223
3220
3203
3199
3224
3227
3208
3200
3231
3235
3219
3211
3240
3247
3228
3216
3240
3256
3243
3231
3247
3264
3259
3243
3247
3272
3275
3255
3248
3292
3292
3267
3259
3295
3296
3295
3272
3308
3308
3292
3295
3311
3320
3311
3299
3311
3844
3324
3311
3312
3851
3851
3323
3319
3860
3863
3847
3324
3868
3875
3859
3851
3879
3883
3867
3852
3879
3888
3879
3860
3876
3896
3884
3868
3868
3899
3896
3876
3871
3900
3900
3883
3872
3964
3964
3895
3884
3963
3952
3903
3892
3960
3960
3964
3900
3964
3939
3960
3964
3963
3943
3943
3955
3963
3948
3951
3963
3955
3955
3956
3948
3964
3967
3971
3952
3943
3964
3983
3967
3955
3964
3987
3976
3956
3959
3984
3984
3967
3959
3988
3991
3968
3963
3992
3995
3980
3968
4028
4031
3991
3976
3999
4031
4028
3984
3996
4019
4024
3988
3991
4016
4016
3992
3987
4028
4027
3987
3972
4028
3995
3972
3956
3976
3972
3951
3956
3936
3940
3967
3892
3895
3903
3880
3851
3324
3852
3327
3295
3275
3292
3292
3255
3232
3255
3247
3223
3200
3223
3216
3192
3175
3188
3196
3180
3156
3160
3183
3163
3140
3139
3156
3152
3131
3120
3144
3144
3120
3108
3139
3136
3116
3107
3131
3132
3112
3100
3116
3131
3115
3099
3111
3127
3116
3096
3096
3123
3116
3096
3088
3116
3115
3096
3084
3115
3115
3100
3088
3116
3119
3100
3088
3107
3120
3107
