0.0
0.029968506276948935
0.029914542718566445
0.02983365809090832
0.029725925184679855
0.029591440952224962
0.029430326420275377
0.029242726581035022
0.02902881026169657
0.0287887699725084
0.02852282173352877
0.028231204880221628
0.027914181848071484
0.027572037936408722
0.02720508105166003
0.026813641430252666
0.026398071341424634
0.0259587447702056
0.025496057080856116
0.025010424661066177
0.024502284547234132
0.02397209403116418
0.023420330248534182
0.022847489749505234
0.02225408805186102
0.021640659177076138
0.02100775516973219
0.02035594560071685
0.019685817054645782
0.01899797260197822
0.01829303125629378
0.01757162741722118
0.016834410299522262
0.016082043348842445
0.015315203644653996
0.014534581290930548
0.013740878795100109
0.012934810435835553
0.01211710162025248
0.011288488231090632
0.010449715964471196
0.00960153965881827
0.008744722615556921
0.007880035912192551
0.007008257708393861
0.006130172545700585
0.0052465706414907
0.004358247177836061
0.003466001585894496
0.0025706368264735158
0.0016729586674215646
0.000773774958490292
-0.00012610509567545503
-0.0010258716637667753
-0.001924715016605183
-0.0028218262558429297
-0.0037163980419179232
-0.004607625320604547
-0.005494706047508013
-0.006376841909850217
-0.007253239044897608
-0.00812310875438349
-0.008985668214283704
-0.00984014117930554
-0.010685758681455604
-0.011521759722059488
-0.012347391956608833
-0.013161912371821405
-0.013964587954301444
-0.014754696350204433
-0.015531526515303873
-0.016294379354886757
-0.01704256835288709
-0.017775420189709235
-0.018492275348165554
-0.01919248870699919
-0.01987543012145121
-0.020540484990344554
-0.021187054809188477
-0.02181455770878682
-0.0224224289788858
-0.023010121576372944
-0.02357710661757717
-0.024122873854233173
-0.02464693213266489
-0.025148809835795816
-0.025628055307567732
-0.026084237259404786
-0.026516945158342187
-0.02692578959647629
-0.027310402641410658
-0.02767043816736381
-0.028005572166665715
-0.028315503041336176
-0.02859995187450942
-0.028858662681433556
-0.029091402639846192
-0.029297962299494107
-0.029478155770624764
-0.029631820891278554
-0.0297588193732172
-0.029859036926380894
-0.029932383361734483
-0.02997879267243868
-0.029998223093244576
-0.029990657138086317
-0.029956101615812844
-0.02989458762406047
-0.029806170521271436
-0.029690929876868527
-0.029548969399654956
-0.029380416844476454
-0.02918542389725698
-0.02896416603848742
-0.028716842385304864
-0.0284436755123052
-0.028144911251234084
-0.027820818469762143
-0.02747168882951556
-0.0270978365236062
-0.026699597993875057
-0.026277331628117406
-0.025831417437561954
-0.02536225671488035
-0.024870271673056887
-0.02435590506542018
-0.023819619787199375
-0.02326189845894555
-0.02268324299221003
-0.022084174137854906
-0.021465231017412045
-0.020826970637913722
-0.02016996739061916
-0.01949481253410512
-0.018802113662171216
-0.018092494157045502
-0.01736659262838469
-0.016625062338569307
-0.01586857061480662
-0.015097798248587035
-0.014313438883014062
-0.013516198388575429
-0.012706794227902662
-0.011885954810107568
-0.011054418835261148
-0.010212934629614256
-0.009362259472153078
-0.00850315891310005
-0.007636406084971847
-0.006762781006808716
-0.005883069882213765
-0.004998064391819712
-0.004108560980832676
-0.0032153601422821865
-0.0023192656966339875
-0.0014210840684046877
-0.0005216235604339481
0.00037830637353253316
0.0012778958572978727
0.002176335321046885
0.0030728162299052952
0.003966531811565477
0.004856677782328345
0.005742453070903042
0.0066230605393177155
0.007497707700290124
0.008365607430412592
0.009225978678509161
0.010078047168529669
0.01092104609634681
0.01175421681982547
0.012576809541552159
0.01338808398360014
0.014187310053732305
0.014973768502430373
0.0157467515701748
0.016505563624380937
0.017249521785416833
0.017977956541153417
0.01869021234947832
0.01938564822824118
0.020063638332090017
0.02072357251569501
0.021364856882834404
0.02198691432086508
0.02258918502007856
0.023171126977497458
0.023732216484642188
0.024271948598826643
0.024789837597579578
0.025285417415757627
0.02575824206497751
0.026207886034967376
0.026633944676504262
0.027036034565571132
0.02741379384840581
0.02776688256715254
0.028094982965796267
0.028397799776126942
0.028675060483452253
0.02892651557185011
0.029151938748716216
0.029351127148404516
0.029523901514800832
0.02967010636263659
0.02978961011741975
0.02988230523383477
0.0299481082925344
0.029986960075206542
0.02999882561787185
0.029983694242340174
0.029941579565828144
0.029872519488704632
0.029776576160374976
0.029653835923359573
0.02950440923558617
0.029328430570990327
0.02912605829848941
0.028897474539469004
0.028642885003885732
0.02836251880513485
0.02805662825387195
0.027725488630945316
0.027369397939666862
0.02698867663762078
0.026583667348281104
0.026154734552673253
0.025702264261358798
0.025226663667059945
0.024728360778208724
0.024207804033772873
0.02366546189968355
0.023101822447254672
0.02251739291395094
0.0219126992469022
0.021288285629594172
0.02064471399213519
0.019982563505560713
0.019302430060613274
0.018604925731485644
0.01789067822499557
0.01716033031568709
0.01641453926738201
0.015653976241683965
0.014879325693980983
0.01409128475747734
0.013290562615825174
0.012477879864904451
0.0116539678643377
0.010819568079311948
0.009975431413313252
0.00912231753236481
0.008260994181374826
0.00739223649322196
0.006516826291186106
0.005635551385360982
0.004749204863677137
0.003858584378177765
0.002964491427184801
0.00206773063400445
0.0011691090228209688
0.0002694352924296206
-0.0006304809115386112
-0.0015298297252426263
-0.0024278017954543207
-0.0033235890079219566
-0.004216385214617979
-0.005105386959217917
-0.005989794200158549
-0.006868811030617317
-0.007741646394779478
-0.00860751479973254
-0.00946563702235459
-0.010315240810568338
-0.011155561578311102
-0.011985843093609838
-0.012805338159145974
-0.013613309284671749
-0.014409029350712754
-0.015191782262919395
-0.015960863596502284
-0.016715581230175025
-0.017455255969009542
-0.018179222155664476
-0.01888682826944077
-0.01957743751259866
-0.020250428383430052
-0.020905195235581764
-0.02154114882307734
-0.02215771683061729
-0.022754344388612124
-0.02333049457252645
-0.02388564888608824
-0.02441930772788692
-0.02493099084098127
-0.025420237745111596
-0.025886608151087565
-0.026329682357018047
-0.02674906162602897
-0.027144368545085562
-0.02751524736463834
-0.02786136431878966
-0.02818240792563642
-0.0284780892676072
-0.028748142251452224
-0.028992323847708973
-0.029210414309427557
-0.02940221736991322
-0.029567560419352684
-0.029706294660166846
-0.029818295240903417
-0.02990346136859416
-0.029961716399478033
-0.029993007907959345
-0.029997307733787233
-0.02997461200741579
-0.02992494115345975
-0.029848339872340285
-0.029744877100039993
-0.02961464594606511
-0.029457763609669146
-0.029274371274365607
-0.0290646339808725
-0.028828740478602233
-0.02856690305578452
-0.028279357348421352
-0.02796636212824727
-0.02762819906982733
-0.027265172497093648
-0.026877609109458078
-0.026465857687805072
-0.02603028878062641
-0.02557129437053851
-0.025089287521524617
-0.02458470200721896
-0.024057991920525934
-0.0235096312649673
-0.022940113528124084
-0.02234995123751804
-0.021739675499372058
-0.021109835520663367
-0.02046099811485469
-0.01979374719181981
-0.019108683232351376
-0.018406422747768825
-0.01768759772511086
-0.01695285505837807
-0.016202855966374385
-0.01543827539766185
-0.014659801423144492
-0.013868134616851657
-0.013063987425475543
-0.01224808352720963
-0.011421157180488972
-0.010583952563211985
-0.009737223103022274
-0.008881730799283338
-0.008018245537324442
-0.007147544395596062
-0.006270410946357274
-0.005387634550506837
-0.004500009647214864
-0.003608335038982169
-0.002713413172769963
-0.0018160494178517395
-0.0009170513410373671
-1.7227979915102054e-05
0.0008826108852262315
0.0017816554601454149
0.0026790966654084425
0.0035741268645061997
0.0044659405906725125
0.00535373527174865
0.006236711952446794
0.007114076013353565
0.00798503788603322
0.008848813763589813
0.009704626306036634
0.010551705339849504
0.01138928855107657
0.012216622171360325
0.013032961656287534
0.0138375723554236
0.014629730173446265
0.015408722221790794
0.016173847460194124
0.01692441732758343
0.017659756361742773
0.01837920280717531
0.019082109210638243
0.01976784300381773
0.020435787072580536
0.02108534031235365
0.021715918169064707
0.02232695316520139
0.02291789541051492
0.02348821309687188
0.024037392976845706
0.02456494082561711
0.02507038188573074
0.0255532612943441
0.026013144492587625
0.0264496176166239
0.026862287870097645
0.02725078387764157
0.0276147560190651
0.027953876744013284
0.028267840866723515
0.028556365840672338
0.028819192012863204
0.029056082857481208
0.029266825188750872
0.02945122935280381
0.029609129398339262
0.029740383225969058
0.029844872716114593
0.02992250383528059
0.029973206720705005
0.029996935743213327
0.02999366954828163
0.029963411075270202
0.02990618755476239
0.029822050484058837
0.029711075580849428
0.02957336271505645
0.029409035818958512
0.02921824277567564
0.02900115528606856
0.028757968714219873
0.028488901911636444
0.02819419702027237
0.02787411925464295
0.027528956663132542
0.027159019868770895
0.026764641789707888
0.026346177339594712
0.025904003108186524
0.025438517022450258
0.024950137988443588
0.02443930551432827
0.02390647931485501
0.023352138897638874
0.022776783131634004
0.02218092979820019
0.021565115125113277
0.020929893304016622
0.02027583599167304
0.01960353179551222
0.018913585743935535
0.01820661874181917
0.01748326701174263
0.01674418152144197
0.015990027397971285
0.015221483329134866
0.01443924095272342
0.013644004234072304
0.012836488832554172
0.012017421457524269
0.011187539214332798
0.01034758894098553
0.009498326536033108
0.00864051627831508
0.007774930139164304
0.006902347087680782
0.0060235523897120835
0.0051393369011705214
0.004250496356313027
0.003357830651634308
0.002462143126016225
0.0015642398377739841
0.0006649288392611696
-0.0002349805503257807
-0.0011346784732780835
-0.0020333552621929485
-0.002930202168619389
-0.0038244120908765833
-0.0047151803003919746
-0.005601705165902637
-0.006483188874866985
-0.007358838151446445
-0.008227864970396848
-0.00908948726623704
-0.009942929637060671
-0.010787424042337457
-0.011622210494106056
-0.012446537740906205
-0.01325966394385425
-0.014060857344253996
-0.01484939692212417
-0.015624573045067036
-0.01638568810689711
-0.017132057155432756
-0.017863008508905875
-0.018577884360439723
-0.019276041370016705
-0.019956851243455476
-0.020619701297823423
-0.021263995012808956
-0.021889152567560743
-0.022494611362476657
-0.02307982652550422
-0.023644271402501915
-0.024187438031179065
-0.024708837598228506
-0.025208000879237358
-0.025684478660945476
-0.026137842145506074
-0.026567683336390147
-0.02697361540553317
-0.027355273041477224
-0.027712312778111092
-0.02804441330376639
-0.028351275750391036
-0.028632623962495773
-0.028888204745674995
-0.029117788094480068
-0.029321167399393666
-0.0294981596327637
-0.02964860551353382
-0.029772369650559072
-0.02986934066447522
-0.029939431287915153
-0.02998257844404339
-0.029998743303337093
-0.029987911318513992
-0.029950092237623974
-0.029885320095292447
-0.02979365318207551
-0.029675173992002424
-0.029529989148352476
-0.029358229307685224
-0.02916004904225858
-0.02893562670094163
-0.028685164248686612
-0.02840888708480166
-0.028107043840077783
-0.02777990615307291
-0.02742776842561445
-0.02705094755788856
-0.02664978266325113
-0.026224634763019894
-0.025775886461608666
-0.02530394160220828
-0.02480922490332771
-0.02429218157660351
-0.023753276926139377
-0.02319299592973678
-0.02261184280247519
-0.022010340542950146
-0.021389030462587333
-0.02074847169852434
-0.020089240710410072
-0.01941193076164438
-0.01871715138545682
-0.01800552783638998
-0.01727770052761146
-0.016534324454565485
-0.01577606860554226
-0.01500361535963024
-0.01421765987260648
-0.013418909451358929
-0.0126080829173576
-0.011785909959749152
-0.010953130478700612
-0.01011049391953811
-0.0092587585982844
-0.008398691019238846
-0.007531065185172547
-0.006656661900770189
-0.005776268069967783
-0.0048906759877901385
-0.00400068262733333
-0.003107088922549739
-0.002210699047458853
-0.0013123196924423874
-0.00041275933828177624
0.0004871724714229364
0.00138666585878644
0.0022849113404743715
0.003181100556182037
0.004074426996108049
0.004964086726752637
0.005849279114408246
0.006729207545676852
0.007603080144361396
0.008470110484107618
0.009329518296135486
0.0101805301714194
0.01102238025671276
0.01185431094376621
0.01267557355111093
0.01348542899783356
0.01428314846870049
0.015068014070027558
0.015839319475750235
0.016596370563070395
0.017338486037103418
0.018064998044013514
0.018775252772039064
0.019468611039859196
0.020144448871833087
0.020802158059536224
0.021441146709087255
0.022060839773833996
0.02266067957184359
0.023240126287793816
0.02379865845874396
0.024335773443439512
0.024850987874657116
0.025343838094176063
0.025813880570065006
0.026260692295831556
0.026683871171072404
0.027083036363363344
0.027457828650983784
0.02780791074616301
0.02813296759864492
0.028432706679213104
0.0287068582429168
0.028955175571853287
0.029177435197197593
0.029373437100278843
0.029543004892613828
0.029685985974645474
0.029802251673040417
0.02989169735651767
0.02995424253001021
0.029989830907072905
0.029998430460572087
0.02998003345148652
0.029934656435893256
0.029862340250032843
0.02976314997359135
0.02963717487113307
0.02948452831173648
0.029305347667001824
0.029099794187425476
0.02886805285725408
0.02861033222804299
0.028326864230972804
0.02801790396809739
0.02768372948279918
0.027324641509568703
0.02694096320333428
0.026533039848674167
0.026101238549083083
0.02564594789657526
0.025167577622007276
0.02466655822634578
0.02414334059322054
0.023598395583184995
0.023032213609974206
0.022445304199139482
0.021838195529537918
0.02121143395799141
0.020565583527616504
0.019901225460199456
0.019218957633158396
0.01851939404149283
0.017803164245209113
0.01707091280278028
0.016323298691085175
0.015560994712355392
0.01478468688871859
0.013995073844821793
0.013192866179102092
0.0123787858243114
0.011553565397824817
0.010717947542320916
0.009872684257467679
0.009018536223171059
0.00815627211500547
0.007286667912467237
0.006410506200644983
0.005528575465937435
0.004641669386477587
0.003750586117874266
0.0028561275749213744
0.0019590987099338264
0.0010603067883424577
0.0001605606622103739
-0.0007393299576804457
-0.001638555230512151
-0.0025363059142361477
-0.0034317740938326624
-0.0043241539083819225
-0.005212642276286372
-0.006096439617984339
-0.00697475057552277
-0.007846784728326228
-0.008711757304515677
-0.009568889887155763
-0.01041741111478034
-0.011256557375554754
-0.01208557349448447
-0.012903713413023765
-0.013710240860464573
-0.014504430016542447
-0.015285566164628839
-0.016052946334909834
-0.016805879937028978
-0.01754368938157158
-0.018265710689832293
-0.01897129409136844
-0.01965980460875072
-0.020330622628979778
-0.02098314446111882
-0.021616782879560037
-0.022230967652503653
-0.022825146055102885
-0.023398783366900933
-0.023951363353044597
-0.024482388728836568
-0.024991381607281093
-0.025477883929152734
-0.025941457875190588
-0.026381686260133708
-0.02679817290815928
-0.02719054300938678
-0.027558443457209147
-0.027901543166065745
-0.028219533369367222
-0.028512127897394268
-0.02877906343483133
-0.029020099757702145
-0.02923501994958555
-0.029423630596825873
-0.029585761962561102
-0.029721268139505527
-0.029830027181256824
-0.02991194121200791
-0.029966936514663662
-0.029994963597160185
-0.029995997237025677
-0.029970036504043358
-0.02991710476112064
-0.02983724964326398
-0.02973054301467877
-0.029597080904128298
-0.029436983418514168
-0.029250394634756594
-0.029037482470166742
-0.02879843853133185
-0.028533477941651675
-0.028242839147772536
-0.02792678370500168
-0.0275855960418942
-0.027219583204317777
-0.02682907457913053
-0.026414421597727167
-0.025975997419802666
-0.025514196597533845
-0.02502943472048047
-0.024522148041612346
-0.023992793084707587
-0.023441846233488772
-0.022869803302936864
-0.02227717909307514
-0.021664506925699434
-0.021032338164398312
-0.020381241718387066
-0.019711803530526595
-0.019024626049993
-0.01832032769013614
-0.017599542271947377
-0.016862918453645293
-0.01611111914694563
-0.015344820920485724
-0.014564713390939676
-0.013771498602428767
-0.012965890394727286
-0.012148613760840199
-0.011320404194573919
-0.01048200702863955
-0.009634176763892333
-0.00877767639034388
-0.007913276700521665
-0.007041755595798005
-0.006163897386341821
-0.005280492085289912
-0.004392334697782885
-0.0035002245055215653
-0.0026049643474632678
-0.0017073598973225135
-0.0008082189385172356
9.164936277950009e-05
0.0009914351858359982
0.0018903287841450789
0.0027875212141414973
0.003682205063197719
0.004573575176238354
0.005460829380326548
0.006343169206568855
0.007219800608675664
0.008089934677555477
0.00895278835128177
0.009807585119785966
0.010653555723673214
0.011489938846505177
0.01231598179992166
0.013130941201020319
0.013934083641353179
0.014724686346929916
0.01550203782867876
0.01626543852274187
0.01701420142001664
0.017747652684437787
0.018465132259371186
0.019165994461634472
0.01984960856254625
0.020515359355557372
0.02116264770989873
0.021790891109734534
0.022399524178409957
0.022987999187252695
0.023555786548467572
0.024102375291753853
0.024627273524144955
0.025130008872652376
0.02561012890939618
0.026067201558759412
0.02650081548620009
0.026910580468451295
0.02729612774469703
0.027657110348402625
0.027993203419590384
0.028304104497191618
0.02858953379121182
0.028849234434552118
0.029082972714173122
0.029290538281389666
0.02947174434120503
0.02962642782039282
0.029754449514273154
0.029855694211952263
0.029930070800035943
0.029977512344625857
0.029997976151523442
0.029991443804683746
0.029957921182788665
0.029897438453924535
0.029810050048464903
0.029695834610086708
0.02955489492496463
0.029387357829302158
0.029193374095187408
0.028973118294877143
0.02872678864372491
0.028454606821800177
0.0281568177743608
0.02783368949144932
0.027485512766719844
0.027112600935713493
0.02671528959390751
0.026293936294701226
0.02584892022761398
0.025380641877068788
0.024889522661981967
0.024376004556488917
0.023840549692225932
0.023283639942425993
0.02270577648828187
0.022107479367889482
0.021489287008273683
0.020851755740838862
0.02019545930068578
0.01952098831031257
0.018828949748092016
0.018119966402011523
0.01739467630922842
0.0166537321818766
0.015897800819652086
0.015127562509757442
0.014343710414687627
0.013546949948413989
0.012737998141577056
0.011917582996204823
0.01108644283054716
0.0102453256146533
0.009394988297247386
0.008536196124515394
0.00766972195144644
0.006796345546313587
0.005916852888927737
0.005032035463317541
0.0041426895454419466
0.003249615486599744
0.0023536169931613893
0.0014555004032935637
0.0005560739613064136
-0.00034385290971228333
-0.0012434703363215505
-0.0021419687235598728
-0.003038539483525615
-0.003932375763050944
-0.0048226731698177705
-0.005708630496252143
-0.006589450440559919
-0.007464340324247365
-0.008332512805470205
-0.009193186587594604
-0.010045587122313848
-0.010888947306678887
-0.01172250817344811
-0.012545519574109765
-0.013357240853950514
-0.01415694151860769
-0.014943901891466438
-0.01571741376130409
-0.016476781019650444
-0.017221320287226227
-0.01795036152895202
-0.01866324865691249
-0.019359340120811197
-0.02003800948532186
-0.020698645993818654
-0.021340655118034957
-0.021963459093101267
-0.02256649743747019
-0.02314922745733561
-0.023711124735020794
-0.02425168360089458
-0.024770417588464322
-0.02526685987216326
-0.025740563687436158
-0.026191102732823268
-0.02661807155360335
-0.027021085906648035
-0.027399783106242137
-0.02775382235047691
-0.02808288502791989
-0.02838667500437214
-0.028664918889370394
-0.028917366282188717
-0.029143789997216812
-0.029343986268390715
-0.02951777493258967
-0.029664999591735852
-0.029785527753573363
-0.02987925095090249
-0.029946084839161224
-0.029985969272361253
-0.029998868357215464
-0.029984770485407486
-0.029943688344070386
-0.029875658904369065
-0.02978074338819671
-0.02965902721311134
-0.029510619915465525
-0.029335655051799275
-0.02913429007868032
-0.028906706211003053
-0.02865310825887657
-0.028373724443340465
-0.028068806190981066
-0.027738627907633984
-0.027383486731467954
-0.027003702265580132
-0.026599616290345074
-0.026171592455866033
-0.025720015954712294
-0.025245293175245154
-0.024747851335926607
-0.024228138100832575
-0.023686621176803868
-0.023123787892512127
-0.022540144759923275
-0.02193621701847004
-0.021312548162347622
-0.0206696994514306
-0.02000824940617507
-0.019328793286967683
-0.01863194255845424
-0.017918324339261216
-0.0171885808376111
-0.01644336877339947
-0.01568335878719007
-0.014909234836664953
-0.01412169358112847
-0.013321443754557905
-0.012509205527777123
-0.01168570986036599
-0.01085169784284512
-0.010007920029731832
-0.009155135764105093
-0.008294112494245942
-0.007425625082976617
-0.006550455110347353
-0.005669390170260469
-0.004783223161694217
-0.0038927515751394637
-0.0029987767749196648
-0.002102103278014522
-0.0012035380300464693
-0.00030388967908778763
0.0005960321520701584
0.001495417594522097
0.002393457262076515
0.0032893429796488904
