0.0
0.02999550020249566
0.059964006479444595
0.08987854919801104
0.11971220728891936
0.14943813247359922
0.17902957342582418
0.20845989984609956
0.23770262642713458
0.26673143668883115
0.29552020666133955
0.3240430283948683
0.35227423327508994
0.3801884151231614
0.40776045305957015
0.4349655341112302
0.46177917554148284
0.4881772468829075
0.5141359916531131
0.5396320487339692
0.5646424733950354
0.5891447579422695
0.6131168519734337
0.6365371822219679
0.6593846719714731
0.6816387600233341
0.7032794192004103
0.7242871743701425
0.7446431199708593
0.7643289370255051
0.7833269096274833
0.8016199408837771
0.8191915683009983
0.8360259786005205
0.852108021949363
0.867423225594017
0.8819578068849475
0.8956986856800476
0.9086334961158832
0.9207505977361357
0.9320390859672263
0.9424888019316975
0.9520903415905158
0.9608350642060727
0.9687151001182652
0.9757233578266591
0.9818535303723597
0.9871001010138504
0.9914583481916864
0.9949243497775809
0.9974949866040544
0.999167945271476
0.9999417202299663
0.9998156151342908
0.9987897434705241
0.9968650284539189
0.994043202198076
0.990326804156158
0.9857191788355535
0.9802244727880455
0.9738476308781953
0.9665943918332977
0.9584712830789142
0.9494856148646305
0.9396454736853249
0.9289597150038693
0.9174379552818098
0.905090563325201
0.8919286509533796
0.8779640629990781
0.8632093666488737
0.8476778401335698
0.8313834607786831
0.814340892425796
0.7965654722360868
0.7780731968879212
0.758880708180922
0.7390052780594708
0.7184647930691263
0.6972777382599378
0.675463180551151
0.6530407515722652
0.6300306299958922
0.606453523378315
0.5823306495240819
0.557683717391417
0.5325349075556212
0.5069068522480534
0.48082261498864864
0.45430566983030646
0.42737988023383017
0.4000694775924195
0.3723990394250557
0.34439346725839
0.3160779642170538
0.2874780123425444
0.25861934966111083
0.22952794702126464
0.20022998472177053
0.17075182895114577
0.1411200080598672
0.11136118868665001
0.08150215176026912
0.05156976839853464
0.02159097572609596
-0.008407247367148618
-0.038397904505234934
-0.06835400612104778
-0.09824859374510825
-0.12805476426637968
-0.1577456941432482
-0.18729466354290317
-0.21667508038737962
-0.2458605042846366
-0.274824670323124
-0.3035415127084289
-0.3319851882207341
-0.36013009947196817
-0.3879509179417303
-0.4154226067712459
-0.4425204432948521
-0.46922004128872713
-0.49549737291684454
-0.5213287903544065
-0.5466910470692868
-0.5715613187423437
-0.5959172238077639
-0.6197368435949633
-0.6429987420539088
-0.6656819850461189
-0.6877661591839738
-0.7092313902013858
-0.7300583608392995
-0.7502283282299187
-0.7697231407640238
-0.788525254426195
-0.8066177485832405
-0.8239843412116252
-0.8406094035501945
-0.8564779741650012
-0.8715757724135882
-0.8858892112966023
-0.8994054096851777
-0.9121122039130803
-0.9239981587231879
-0.9350525775584491
-0.9452655121880633
-0.9546277716602164
-0.9631309305733164
-0.9707673366582883
-0.977530117665097
-0.9834131875473108
-0.9884112519391305
-0.9925198129199632
-0.9957351730622453
-0.9980544387588793
-0.999475522827284
-0.999997146387718
-0.9996188400141854
-0.9983409441568876
-0.9961646088358407
-0.9930917926059354
-0.9891252607943699
-0.9842685830120416
-0.9785261299411385
-0.9719030694018208
-0.9644053617015307
-0.9560397542711181
-0.9468137755926089
-0.9367357284240793
-0.9258146823277325
-0.914060465507907
-0.9014836559663548
-0.8880955719827547
-0.8739082619290224
-0.858934493426592
-0.8431877418564172
-0.8266821782320363
-0.8094326564466194
-0.791454699905466
-0.7727644875559877
-0.7533788393277465
-0.7333152009956565
-0.7125916284799615
-0.6912267715971271
-0.669239857276262
-0.6466506722561834
-0.623479545278686
-0.5997473287940438
-0.5754753801952172
-0.5506855425976376
-0.52540012518188
-0.49964188311690244
-0.47343399708193507
-0.4468000524054308
-0.41976401783985967
-0.39235022399145386
-0.3645833414243013
-0.33648835845850505
-0.3080905586823781
-0.27941549819892586
-0.25048898262707575
-0.22133704387835954
-0.19198591672995502
-0.1624620152151542
-0.1327919088525176
-0.10300229873509785
-0.07311999350126308
-0.04317188520872868
-0.01318492513352214
0.016813900484349713
0.04679759472668989
0.07673917429251803
0.10661169378122266
0.13638826994159764
0.1660421058649572
0.19554651510054338
0.2248749456715337
0.2540010039700231
0.2828984785094921
0.31154136351337786
0.3399038823185127
0.36796051057238466
0.39568599920333
0.42305539714299684
0.4500440737806176
0.4766277411288987
0.502782475681572
0.5284847399429308
0.5537114036099907
0.5784397643881994
0.6026475684219723
0.6263130303216559
0.6494148527689105
0.6719322456828615
0.6938449449297637
0.7151332305593578
0.735777944551493
0.7557605080570537
0.775062938117667
0.7936678638491527
0.8115585420741482
0.8287188723898353
0.8451334116572173
0.8607873878989013
0.8756667135928823
0.8897579983503596
0.9030485609661848
0.9155264408310892
0.927180408695427
0.9379999767747389
0.9479754081880521
0.957097725720417
0.9653587199017918
0.9727509563950137
0.9792677826861999
0.9849033340715608
0.989652538935238
0.9935111233134157
0.9964756147406005
0.998543345374605
0.999712454397426
0.9999818896898556
0.999351408778317
0.9978215790530743
0.99539377725762
0.9920701882496981
0.9878538030350801
0.9827484160758622
0.9767586218757036
0.9698898108450863
0.9621481644503068
0.9535406496505743
0.9440750126282197
0.9337597718176514
0.9226042102393402
0.9106183671457304
0.8978130289865844
0.8841997197019127
0.8697906903511999
0.8545989080882805
0.8386380444917783
0.8219224632616032
0.8044672072925937
0.7862879851369292
0.7674011568674884
0.7478237193548898
0.7275732909714597
0.706668095735878
0.6851269469128006
0.6629692300821833
0.6402148856935712
0.6168843911210448
0.5929987422349565
0.5685794345070696
0.5436484436660883
0.5182282059209767
0.49234159776988917
0.4660119154128711
0.43926285378684216
0.4121184852417566
0.38460323787711825
0.3567418735583286
0.32855946563269217
0.300081376365085
0.27133323411363275
0.24234091026592378
0.21313049595649622
0.183728278586583
0.15416071816723032
0.12445442350706347
0.09463612826616005
0.06473266689756589
0.03477095049808786
0.0047779425901285115
-0.02521936514365872
-0.05519397715107451
-0.08511891830453426
-0.11496725817687455
-0.14471213527691454
-0.17432678122297965
-0.2037845448326488
-0.2330589161070144
-0.2621235500878869
-0.29095229056648914
-0.31951919362227366
-0.347798550970695
-0.3757649130989423
-0.4033931121687696
-0.43065828466586326
-0.45753589377532133
-0.4840017514631264
-0.5100320402437528
-0.5356033346142913
-0.5606926221358159
-0.5852773241430349
-0.6093353160635608
-0.6328449473285281
-0.6557850608566522
-0.6781350120941703
-0.6998746875935423
-0.7209845231142057
-0.7414455212290604
-0.7612392684208802
-0.7803479516532316
-0.7987543744010004
-0.8164419721261112
-0.8333948271844893
-0.8495976831508637
-0.8650359585485256
-0.87969575997167
-0.8935638945885217
-0.9066278820139972
-0.9188759655412069
-0.9302971227216958
-0.9408810752849078
-0.9506182983879301
-0.9595000291872134
-0.9675182747245379
-0.974665819120134
-0.9809362300664912
-0.9863238646169981
-0.9908238742642129
-0.9944322093031951
-0.997145622475965
-0.9989616718938168
-0.9998787232348542
-0.9998959512147693
-0.999013340329543
-0.9972316848693976
-0.9945525882039892
-0.990978461339483
-0.9865125207488105
-0.9811587854770618
-0.974922073524615
-0.9678079975112615
-0.9598229596252282
-0.9509741458616384
-0.9412695195556018
-0.9307178142157523
-0.9193285256646757
-0.9071119034933154
-0.8940789418370279
-0.8802413694816043
-0.865611639308158
-0.8502029170863672
-0.8340290696261731
-0.8171046522985896
-0.7994448959368469
-0.7810656931296716
-0.7619835839190333
-0.7422157409152156
-0.721779953842635
-0.7006946135302814
-0.6789786953612167
-0.6566517421960153
-0.6337338467855004
-0.6102456336886285
-0.5862082407117828
-0.5616432998861657
-0.5365729180004349
-0.5110196567060908
-0.4850065122135032
-0.4585568945968793
-0.43169460672678167
-0.4044438228491401
-0.376829066830075
-0.3488751900860617
-0.3206073492193382
-0.29205098337866586
-0.26323179136580266
-0.23417570850832145
-0.20490888331957058
-0.17545765396676677
-0.1458485245684275
-0.11610814134245845
-0.08626326862634386
-0.056340764791063265
-0.02636755807035826
0.003629377672855068
0.033623047221136695
0.0635864582964069
0.09349264585116929
0.12331469633522812
0.15302577191607755
0.182599134631134
0.21200817045009251
0.24122641322576815
0.2702275685118367
0.2989855372260566
0.32747443913769303
0.3556686361579654
0.38354275541260835
0.4110717120757409
0.4382307319445118
0.4649953737342197
0.4913415510738144
0.5172455541820009
0.5426840712044512
0.5676342091928948
0.592073514707223
0.615979994022078
0.6393321329197169
0.6621089160513509
0.6842898458495511
0.7058549609746644
0.726784854278681
0.747060690270354
0.7666642220658663
0.7855778078098018
0.803784426551621
0.8212676935633636
0.8380118750848056
0.8540019024827769
0.8692233858119117
0.8836626267646351
0.8973066309987074
0.9101431198312616
0.9221605412887859
0.9333480805031187
0.9436956694441042
0.9531939959801373
0.9618345122584524
0.9696094423976167
0.9765117894852975
0.9825353418750096
0.9876746787761801
0.9919251751324931
0.9952830057841274
0.9977451489101437
0.9993093887479176
0.9999743175871788
0.999739337036853
0.9986046585635749
0.996571303301382
0.9936411011327626
0.989816689041886
0.985101508741494
0.9794998035755914
0.9730166147007244
0.965657776549278
0.9574299115788811
0.9483404243126441
0.9383974946755834
0.927610070633246
0.9159878601391399
0.9035413223982337
0.8902816584543795
0.8762208011101255
0.8613714041880013
0.8457468311429343
0.8293611430360371
0.8122290858806044
0.7943660773716985
0.7757881930112588
0.7565121516412421
0.7365553003977866
0.7159355990999632
0.6946716040871542
0.6727824515195935
0.6502878401571168
0.6272080136316126
0.6035637422291107
0.5793763041979316
0.5546674665997031
0.5294594657204658
0.5037749870595203
0.4776371449140142
0.45106946157762406
0.4240958461720909
0.39674057313061367
0.3690282603525026
0.3409838470487362
0.31263257129834515
0.2839999473358494
0.2551117425901744
0.22599395449569432
0.19667278709630065
0.16717462746353695
0.13752602195000313
0.10775365229944406
0.07788431163496884
0.04794488034705369
0.017962301903010295
-0.0120364414003268
-0.04202435271884079
-0.07197444495646477
-0.10185976505175721
-0.13165341823383273
-0.16132859222583515
-0.19085858137418762
-0.22021681068187285
-0.24937685972413143
-0.27831248642507306
-0.30699765067375967
-0.33540653775856133
-0.3635135815986391
-0.391293487751712
-0.4187212561773265
-0.44577220373521503
-0.47242198639846616
-0.49864662116148606
-0.5244225076230947
-0.549726449225303
-0.5745356741286307
-0.5988278557052342
-0.6225811326313736
-0.6457741285611104
-0.6683859713635856
-0.6903963119065357
-0.711785342369123
-0.7325338140676474
-0.7526230547780575
-0.7720349855397018
-0.7907521369251587
-0.8087576647615486
-0.8260353652891601
-0.8425696897437256
-0.8583457583492679
-0.8733493737088981
-0.8875670335815046
-0.9009859430328635
-0.9135940259502211
-0.9253799359099703
-0.9363330663886709
-0.946443560308209
-0.9557023189064934
-0.9641010099257322
-0.9716320751109048
-0.978288737011675
-0.9840650050816427
-0.9889556810694329
-0.9929563636967662
-0.996063452619316
-0.9982741516667748
-0.9995864713592172
-0.999999230697499
-0.999512058226076
-0.9981253923672896
-0.9958404810268152
-0.9926593804706332
-0.9885849534745251
-0.9836208667477725
-0.9777715876333642
-0.9710423800876874
-0.963439299943326
-0.9549691894592184
-0.9456396711630829
-0.9354591409916635
-0.9244367607349507
-0.9125824497911845
-0.8999068762400736
-0.88642144724224
-0.8721382987735395
-0.857070284703512
-0.8412309652277618
-0.8246345946646914
-0.8072961086275879
-0.7892311105835744
-0.7704558578115354
-0.7509872467716762
-0.7308427978998431
-0.7100406398403069
-0.6885994931312196
-0.6665386533573856
-0.643877973785542
-0.6206378474977482
-0.5968391890390042
-0.5725034155955647
-0.5476524277209076
-0.5223085896267315
-0.49649470905666654
-0.470234016760835
-0.4435501455897626
-0.41646710922639923
-0.38900928057541545
-0.36120136982925244
-0.3330684022306075
-0.3046356955513944
-0.2759288373084776
-0.24697366173662433
-0.21779622653942673
-0.1884227894391479
-0.15887978454653406
-0.1291937985718886
-0.09939154689884817
-0.0694998495423305
-0.039545607012320294
-0.009555776105247387
0.0204426543553247
0.05042268780681122
0.08035734424270448
0.11021968449273732
0.13998283446632867
0.16962000933746174
0.19910453764919822
0.22840988531620005
0.2575096795036255
0.2863777323608796
0.3149880645889226
0.3433149288198954
0.3713328327879928
0.39901656227079196
0.42634120378036067
0.45328216698369495
0.4798152068323691
0.5059164453814522
0.5315623932780275
0.5567299709000347
0.5813965291263805
0.605539869719601
0.629138265302786
0.6521704789127603
0.6746157831118997
0.6964539786414377
0.7176654125994291
0.7382309961270456
0.758132221587245
0.7773511792204034
0.7958705732618963
0.8136737375071054
0.8307446503098856
0.8470679490009708
0.8626289437133262
0.8774136306020448
0.8914087044468666
0.9046015706259687
0.9169803564502801
0.9285339218481049
0.9392518693904258
0.9491245536478935
0.9581430898710646
0.96629936198607
0.9735860298985373
0.9799965360991822
0.9855251115651197
0.9901667809515973
0.9939173670694715
0.9967734946443929
0.9987325933543267
0.9997929001426692
0.9999534608048796
0.9992141308471991
0.997575575616687
0.9950392697024508
0.9916074956086182
0.9872833417002362
0.9820706994239499
0.9759742598059655
0.9689995092304428
0.9611527245021165
0.9524409671976009
0.9428720773104451
0.9324546661956647
0.92119810882011
0.9091125353256255
0.8962088219126018
0.8824985810521372
0.8679941510355947
0.8527085848709659
0.8366556385360561
0.8198497585990271
0.8023060692174555
0.7840403585276232
0.7650690644362548
0.7454092598275041
0.7250786371985243
0.7040954927374055
0.6824787098578454
0.6602477422053418
0.6374225961502389
0.614023812783338
0.5900724494302934
0.5655900607014568
0.5405986790941757
0.515120795165023
0.48917933728983237
0.46279765102969866
0.4359994781215394
0.4088089351121526
0.38125049165494346
0.3533489484888777
0.3251294151195105
0.2966172872221162
0.2678382237872849
0.23881812402958275
0.2095831040799972
0.18015947348317132
0.15057371152061022
0.1208524433811047
0.09102241619984787
0.06111047498783996
0.0311435384731763
0.0011485748760161117
-0.028847422361009564
-0.05881745886505292
-0.08873456362617356
-0.11857181326943754
-0.1483023562841163
-0.1778994371882446
-0.20733642060675878
-0.23658681524151537
-0.2656242977116821
-0.29442273624301396
-0.32295621418466564
-0.35119905333243817
-0.37912583703743985
-0.40671143307933405
-0.4339310162836518
-0.46076009086278236
-0.4871745124605095
-0.5131505098803122
-0.538664706477846
-0.5636941411983265
-0.5882162892399388
-0.6122090823246464
-0.6356509285581352
-0.6585207318610721
-0.6807979109541472
-0.7024624178798466
-0.723494756044245
-0.743875997762632
-0.7635878012931586
-0.7826124273431516
-0.8009327550332878
-0.8185322973052351
-0.8353952157588804
-0.8515063349058261
-0.8668511558263118
-0.8814158692172515
-0.8951873678196802
-0.9081532582144075
-0.9203018719752477
-0.9316222761698216
-0.9421042831984612
-0.9517384599623535
-0.9605161363526974
-0.9684294130532191
-0.9754711686490171
-0.9816350660353589
-0.9869155581206488
-0.9913078928184317
-0.9948081173239532
-0.9974130816714165
-0.999120441568739
-0.9999286605072563
-0.9998370111444768
-0.9988455759586408
-0.9969552471744957
-0.9941677259603542
-0.9904855208971565
-0.9859119457209181
-0.9804511163405916
-0.9741079471340227
-0.966888146525347
-0.9587982118477916
-0.9498454234965098
-0.9400378383767238
-0.9293842826530506
-0.9178943438065454
-0.9055783620066238
-0.8924474208056035
-0.8785133371642503
-0.8637886508173204
-0.8482866129886416
-0.8320211744658997
-0.8150069730458831
-0.7972593203614453
-0.7787941881020741
-0.7596281936404397
-0.7397785850778934
-0.719263225722336
-0.6981005780124373
-0.6763096869027028
-0.6539101627242928
-0.6309221635370401
-0.6073663769885725
-0.5832640016968187
-0.5586367281726737
-0.5335067193000214
-0.5078965903906252
-0.48182938883186577
-0.4553285733456657
-0.4284179928772144
-0.40112186513251735
-0.3734647547841147
-0.34547155136452434
-0.3171674468673327
-0.2885779130761209
-0.2597286786415688
-0.23064570592739567
-0.201355167646006
-0.17188342330480097
-0.14225699548440815
-0.112502545970135
-0.08264685175818273
-0.05271678095814679
-0.022739268613520932
0.00725870753800251
0.03725015134268626
0.06720807252547492
0.09710551097939946
0.12691556102786436
0.15661139563795107
0.1861662905629157
0.21555364839221786
0.24474702248740526
0.2737201407822824
0.3024469294260073
0.3309015362478075
0.3590583540221683
0.3868920435136176
0.41437755628033746
0.44149015721605095
0.46820544680995846
0.4944993831046597
0.5203483033322737
0.5457289452093425
0.5706184678713244
0.5949944724278133
0.6188350221200393
0.6421186620624653
0.6648244385507471
0.6869319179186366
0.7084212049269103
0.7292729606677492
0.7494684199684349
0.7689894082787475
0.7878183580268395
0.805938324428851
0.8233330007380795
0.8399867329199561
0.8558845337396082
0.8710120962493656
0.8853558066640532
0.8989027566124672
0.9116407547540443
0.9235583377502491
0.9346447805807963
0.9448901061954496
0.9542850944926969
0.9628212906172123
0.9704910125686588
0.9772873581149724
0.9832042110039001
0.9882362464672176
0.9923789360126596
0.9956285514992593
0.9979821684924207
0.9994376688957143
0.9999937428570207
0.9996498899473084
0.9984064196109869
0.996264450887427
0.9932259114039014
0.9892935356408504
0.9844708624710327
0.9787622319747805
0.9721727815342206
0.9647084412099732
0.956375928404503
0.9471827418169084
0.9371371546945946
0.9262482073879157
0.9145256992144676
0.9019801796403578
0.8886229387864073
0.8744659972677996
0.8595220953763332
0.8438046816150291
0.8273279005953786
0.8101065803081524
0.7921562187792004
0.7734929701222879
0.7541336300014767
0.7340956205161548
0.7133969745223362
0.6920563194043012
0.6700928603112
0.6475263628737298
0.6243771354163942
0.6006660106813734
0.5764143270804788
0.5516439094920145
0.5263770496198512
0.500636485932415
0.4744453831995918
0.44782731164598844
0.4208062257393404
0.39340644263309826
0.36565262028262135
0.33756973525470146
0.3091830602503293
0.28051814136095893
0.2516007750787702
0.2224569850815534
0.19311299881316268
0.16359522388057302
0.13393022428883716
0.1041446965352638
0.07426544558436131
0.044319360745200084
0.01433339147283883
-0.015665476884376632
-0.04565024736978412
-0.0755939357138545
-0.10546959461822357
-0.13525033800642028
-0.16490936521953162
-0.19441998513499714
-0.22375564018679642
-0.25288993026547674
-0.2817966364764798
-0.31044974473535636
-0.3388234691786968
-0.3668922753696779
-0.3946309032773119
-0.4220143900087798
-0.44901809227435996
-0.47561770856470503
-0.5017893010205711
-0.5275093169752834
-0.5527546101505285
-0.5775024614864551
-0.6017305995872877
-0.6254172207640916
-0.6485410086566037
-0.671081153416527
-0.693017370434997
-0.7143299185973446
-0.7349996180487752
-0.7550078674549503
-0.774336660741918
-0.7929686033003722
-0.8108869276396334
-0.8280755084772445
-0.844518877250644
-0.8602022360378341
-0.875111470874499
-0.8892331644556275
-0.9025546082101854
-0.9150638137379625
-0.9267495235983285
-0.9376012214411736
-0.9476091414709055
-0.9567642772350106
-0.9650583897292565
-0.9724840148122331
-0.9790344699225805
-0.9847038600928409
-0.9894870832545352
-0.9933798348296746
-0.9963786116045943
-0.9984807148826088
-0.9996842529126553
-0.9999881425917431
-0.9993921104396729
-0.9978966928451508
-0.9955032355830743
-0.9922138926034254
