1275
1047
1892
2084
2159
2211
2212
2275
2871
2964
3020
3020
2051
2096
2164
2227
2220
2272
2840
2943
2940
2823
2264
2243
2252
2268
2243
2287
2856
2940
2924
2943
2948
3007
3032
3060
3052
3080
3120
3164
3111
2972
2939
2951
2963
3008
3047
3052
3079
3112
3144
3163
3143
3159
3204
3247
3271
3272
3219
3087
2996
3007
2971
3008
3060
3108
3119
3096
3120
3156
3199
3208
3203
3228
3271
3311
3316
3183
3055
3015
3023
3039
3035
3088
3143
3171
3192
3199
3243
3311
3883
3964
3963
3956
4028
3972
3255
3120
3096
3107
