0.10476294904947281
0.10476280003786087
0.10476700216531754
0.1047637015581131
0.10476195067167282
0.10476375371217728
0.10476385056972504
0.10476274788379669
0.10476230084896088
0.10476390272378922
0.1047668531537056
0.1047622486948967
0.10476230084896088
0.10476534813642502
0.10476364940404892
0.10476385056972504
0.10476285219192505
0.10476505011320114
0.10476305335760117
0.10476274788379669
0.10476300120353699
0.1047654002904892
0.10476580262184143
0.10476654767990112
0.10476169735193253
0.10475999861955643
0.10476259887218475
0.10476184636354446
0.10476160049438477
0.10476324707269669
0.10476095229387283
0.1047632023692131
0.1047622486948967
0.10476615279912949
0.10475984960794449
0.10476495325565338
0.10476254671812057
0.10476075112819672
0.10475944727659225
0.1047595962882042
0.10476025193929672
0.1047637015581131
0.10476379841566086
0.10476364940404892
0.10476244986057281
0.10476505011320114
0.10475949943065643
0.10475820302963257
0.10476180166006088
0.10476329922676086
0.10476209968328476
0.1047578975558281
0.10476040095090866
0.10476154834032059
0.10476010292768478
0.10476204752922058
0.1047634482383728
0.10476125031709671
0.10476184636354446
0.10476119816303253
0.10476125031709671
0.10476239770650864
0.10476125031709671
0.10476189851760864
0.10476239770650864
0.10475949943065643
0.1047605499625206
0.10476545244455338
0.10476154834032059
0.10476460307836533
0.10475925356149673
0.10476145148277283
0.10476019978523254
0.10476160049438477
0.10476324707269669
0.10476280003786087
0.10476464778184891
0.10476230084896088
0.10476274788379669
0.10476475208997726
0.10476069897413254
0.10476184636354446
0.104762002825737
0.10476630181074142
0.10476300120353699
0.10476274788379669
0.10476390272378922
0.10476449877023697
0.1047600507736206
0.10476154834032059
0.1047622486948967
0.10476375371217728
0.10475925356149673
0.1047610491514206
0.10476324707269669
0.10476125031709671
0.10476064682006836
0.10476479679346085
0.10476305335760117
0.10476270318031311
0.10476160049438477
0.1047639474272728
0.10475759953260422
0.10476525127887726
0.1047654002904892
0.1047622486948967
0.10476209968328476
0.10476414859294891
0.10476019978523254
0.1047632023692131
0.10476390272378922
0.1047634482383728
0.1047639474272728
0.1047617495059967
0.10476060211658478
0.10476180166006088
0.10475964844226837
0.10476300120353699
0.10476010292768478
0.10476305335760117
0.10475839674472809
0.10476239770650864
0.10476134717464447
0.10476355254650116
0.10476440191268921
0.10476460307836533
0.10476350039243698
0.10476265102624893
0.10476624965667725
0.10476315021514893
0.1047637015581131
0.10476350039243698
0.10476724803447723
0.10476475208997726
0.10476160049438477
0.10476575046777725
0.10476364940404892
0.10476145148277283
0.10476154834032059
0.10476049780845642
0.10476495325565338
0.10476554930210114
0.10476624965667725
0.10476739704608917
0.10476700216531754
0.10476645082235336
0.10476565361022949
0.10476270318031311
0.10476219654083252
0.10476265102624893
0.104762002825737
0.10476724803447723
0.10476385056972504
0.10476379841566086
0.10476189851760864
0.10476219654083252
0.10476235300302505
0.10475990176200867
0.10476455092430115
0.10476645082235336
0.10476399958133698
0.10476084798574448
0.10475855320692062
0.10476075112819672
0.10476294904947281
0.10476385056972504
0.10476545244455338
0.10476359724998474
0.10476405173540115
0.10476385056972504
0.10476350039243698
0.10476484894752502
0.10476270318031311
0.10476315021514893
0.10476434975862503
0.10476549714803696
0.10476204752922058
0.10476355254650116
0.10476235300302505
0.10476530343294144
0.1047639474272728
0.10476440191268921
0.10476379841566086
0.10476270318031311
0.10476215183734894
0.10476084798574448
0.10476359724998474
0.10476289689540863
0.10476695001125336
0.10476119816303253
0.10476169735193253
0.10476235300302505
0.10476340353488922
0.10476619750261307
0.10476440191268921
0.10476350039243698
0.1047668531537056
0.10476434975862503
0.1047677993774414
0.1047670990228653
0.10476359724998474
0.10476630181074142
0.10476534813642502
0.10476495325565338
0.10476530343294144
0.10476479679346085
0.10476525127887726
0.10476645082235336
0.10476639866828918
0.10476495325565338
0.10476464778184891
0.10477139800786972
0.10476575046777725
0.10476235300302505
0.10476434975862503
0.10476475208997726
0.10476565361022949
0.10476379841566086
0.10476814955472946
0.10476695001125336
0.10476704686880112
0.10476215183734894
0.10475844889879227
0.10476160049438477
0.10476315021514893
0.10476385056972504
0.10475984960794449
0.10476580262184143
0.1047617495059967
0.10476654767990112
0.10476479679346085
0.1047632023692131
0.10476409643888474
0.10476405173540115
0.10476440191268921
0.10476449877023697
0.104762002825737
0.1047610491514206
0.10476139932870865
0.10476230084896088
0.1047634482383728
0.10476364940404892
0.10476244986057281
0.10476110130548477
0.10476405173540115
0.10476455092430115
0.10476309806108475
0.1047585979104042
0.10475809872150421
0.10475695133209229
0.1047602966427803
0.10476084798574448
0.10475984960794449
0.10475874692201614
0.10476359724998474
0.10476254671812057
0.10476755350828171
0.10475925356149673
0.10476340353488922
0.10476599633693695
0.10475944727659225
0.10476075112819672
0.10476069897413254
0.10476254671812057
0.10476289689540863
0.10476119816303253
0.10476254671812057
0.10476204752922058
0.10476549714803696
0.10476449877023697
0.10476309806108475
0.10476095229387283
0.10476069897413254
0.10475414991378784
0.10475710034370422
0.10475459694862366
0.10475140064954758
0.10474874824285507
0.10475389659404755
0.10475239902734756
0.10475684702396393
0.10475389659404755
0.1047576516866684
0.10475385189056396
0.1047568991780281
0.10475440323352814
0.10475339740514755
0.10475365072488785
0.10475180298089981
0.10475105047225952
0.10475350171327591
0.10475239902734756
0.10475365072488785
0.10475429892539978
0.10475195199251175
0.1047499030828476
0.10475335270166397
0.10475225001573563
0.1047511026263237
0.10475164651870728
0.1047511026263237
0.10475250333547592
0.10475140064954758
0.10475444793701172
0.10475420206785202
0.10475154966115952
0.10475490242242813
0.10475444793701172
0.10475215315818787
0.10475704818964005
0.10475285351276398
0.10475549846887589
0.10475250333547592
0.10475095361471176
0.10475385189056396
0.10475359857082367
0.10474780201911926
0.10475044697523117
0.10475184768438339
0.10475075244903564
0.1047528013586998
0.10475070029497147
0.10475455224514008
0.10475394874811172
0.10475420206785202
0.10475344955921173
0.10475525259971619
0.10475479811429977
0.10475189983844757
0.10475405305624008
0.1047568991780281
0.10475525259971619
0.10475245118141174
0.10475079715251923
0.1047528013586998
0.10475394874811172
0.10475499927997589
0.10475335270166397
0.10475695133209229
0.10475464910268784
0.10475330054759979
0.10475295037031174
0.1047516018152237
0.1047528013586998
0.10475350171327591
0.10475409775972366
0.10475684702396393
0.10475180298089981
0.10475009679794312
0.10475409775972366
0.10475394874811172
0.10475099831819534
0.10475330054759979
0.10475070029497147
0.10474900156259537
0.10475540161132812
0.10475409775972366
0.10475274920463562
0.10475079715251923
0.10475125163793564
0.10474955290555954
0.10475359857082367
0.10475409775972366
0.10475090146064758
0.10475265234708786
0.1047559529542923
0.10475610196590424
0.10475525259971619
0.10475359857082367
0.10475309938192368
0.10475385189056396
0.10475300252437592
0.10475455224514008
0.10475514829158783
0.10475210100412369
0.10474944859743118
0.10475374758243561
0.10475090146064758
0.10475330054759979
0.10475475341081619
0.10475070029497147
0.10475164651870728
0.10475125163793564
0.10475440323352814
0.10475180298089981
0.1047525480389595
0.10475394874811172
0.10475610196590424
0.10475379973649979
0.1047530472278595
0.10475435107946396
0.10475724935531616
0.10475470125675201
0.10475300252437592
0.10475839674472809
0.10475599765777588
0.10475839674472809
0.1047568991780281
0.10475645214319229
0.10475494712591171
0.10475295037031174
0.10475719720125198
0.10475730150938034
0.10475429892539978
0.10475385189056396
0.10475719720125198
0.10475490242242813
0.10475490242242813
0.10475350171327591
0.10475324839353561
0.10475455224514008
0.1047568991780281
0.10475250333547592
0.10475409775972366
0.10475479811429977
0.10475564748048782
0.10475250333547592
0.10475614666938782
0.10475510358810425
0.10475610196590424
0.1047513484954834
0.10475440323352814
0.10475370287895203
0.10475549846887589
0.10475579649209976
0.1047496497631073
0.10475470125675201
0.10475560277700424
0.10475475341081619
0.10475639998912811
0.10475555062294006
0.10475735366344452
0.10475579649209976
0.10475514829158783
0.10475820302963257
0.10475590080022812
0.10475730150938034
0.10475455224514008
0.10475700348615646
0.10475300252437592
0.10475344955921173
0.10475234687328339
0.10475389659404755
0.10475140064954758
0.10475385189056396
0.10475250333547592
0.10475365072488785
0.10475250333547592
0.10475394874811172
0.10475175082683563
0.1047530472278595
0.10475335270166397
0.10475394874811172
0.10475189983844757
0.10475555062294006
0.10475245118141174
0.1047516018152237
0.10475090146064758
0.10474905371665955
0.1047528013586998
0.1047501489520073
0.10475239902734756
0.10475265234708786
0.10475090146064758
0.10475420206785202
0.10475700348615646
0.10475534945726395
0.10475370287895203
0.10475189983844757
0.10475079715251923
0.10475429892539978
0.1047513484954834
0.10475385189056396
0.10475435107946396
0.10475289821624756
0.10475525259971619
0.10475499927997589
0.1047516018152237
0.10475625097751617
0.10475409775972366
0.10474955290555954
0.10475804656744003
0.10475359857082367
0.10475129634141922
0.10475354641675949
0.1047528013586998
0.10475339740514755
0.10475514829158783
0.10475470125675201
0.10475234687328339
0.10475794970989227
0.1047530472278595
0.10475114732980728
0.10475525259971619
0.10475499927997589
0.10475584864616394
0.1047559529542923
0.10475520044565201
0.10475660115480423
0.10475510358810425
0.10475330054759979
0.10475429892539978
0.10475984960794449
0.1047593504190445
0.10475719720125198
0.10476010292768478
0.10475625097751617
0.1047585979104042
0.1047602966427803
0.10475870221853256
0.10475925356149673
0.10475815087556839
0.10475809872150421
0.10475599765777588
0.10475525259971619
0.1047576516866684
0.10475719720125198
0.10475855320692062
0.10475900024175644
0.10475855320692062
0.10475844889879227
0.1047559529542923
0.10475780069828033
0.10475730150938034
0.10475665330886841
0.10475520044565201
0.10475285351276398
0.10475735366344452
0.10475645214319229
0.10475555062294006
0.10476110130548477
0.10475990176200867
0.10475719720125198
0.10475335270166397
0.10475769639015198
0.10475330054759979
0.10475184768438339
0.1047571524977684
0.10475549846887589
0.10475540161132812
0.10475584864616394
0.10475494712591171
0.10475129634141922
0.10475505143404007
0.10475414991378784
0.10475614666938782
0.10475564748048782
0.10475300252437592
0.10475435107946396
0.10475820302963257
0.10475520044565201
0.1047542467713356
0.1047559529542923
0.10475610196590424
0.10475700348615646
0.104756198823452
0.10475385189056396
0.10475719720125198
0.1047545000910759
0.10475735366344452
0.10475745052099228
0.10475525259971619
0.10475579649209976
0.10475379973649979
0.10476010292768478
0.10475625097751617
0.10475669801235199
0.10475630313158035
0.10475865006446838
0.10475804656744003
0.1047545000910759
0.10475169867277145
0.10475195199251175
0.10475245118141174
0.10475195199251175
0.1047578975558281
0.10475614666938782
0.10476034879684448
0.1047593504190445
0.10475780069828033
0.104756198823452
0.10475555062294006
0.10475890338420868
0.10475564748048782
0.1047530472278595
0.10475719720125198
0.10475534945726395
0.10475604981184006
0.1047585979104042
0.10475584864616394
0.10475354641675949
0.10475239902734756
0.10475800186395645
0.10475639998912811
0.10475540161132812
0.10475634783506393
0.10475385189056396
0.10475239902734756
0.10475464910268784
0.1047525480389595
0.10474935173988342
0.10475300252437592
0.10475675016641617
0.10475444793701172
0.10475274920463562
0.1047568991780281
0.10475435107946396
0.10475239902734756
0.10475029796361923
0.1047496497631073
0.10475099831819534
0.10474955290555954
0.10475064814090729
0.10475309938192368
0.10474974662065506
0.10475370287895203
0.10475239902734756
0.10475339740514755
0.10475285351276398
0.1047469973564148
0.1047516018152237
0.10475389659404755
0.10474739968776703
0.1047513484954834
0.10475575178861618
0.10475490242242813
0.10475225001573563
0.10475320369005203
0.10475079715251923
0.10475514829158783
0.10475514829158783
0.1047542467713356
0.10474880039691925
0.10474974662065506
0.10474950075149536
0.10475140064954758
0.10475184768438339
0.10475250333547592
0.10475379973649979
0.10475564748048782
0.10475070029497147
0.10475320369005203
0.10475374758243561
0.10475215315818787
0.1047528013586998
0.10475370287895203
0.10475435107946396
0.10475499927997589
0.10475804656744003
0.10475560277700424
0.10475440323352814
0.10475309938192368
0.10475339740514755
0.10475754737854004
0.10474839806556702
0.10475409775972366
0.10474909842014313
0.10475125163793564
0.1047542467713356
0.10475164651870728
0.10475189983844757
0.10474870353937149
0.10475420206785202
0.10475414991378784
0.10475180298089981
0.10475195199251175
0.10475025326013565
0.10475499927997589
0.10475250333547592
0.10475529730319977
0.1047530472278595
0.1047530472278595
0.10475035011768341
0.10475169867277145
0.10475309938192368
0.10475234687328339
0.10475505143404007
0.10475575178861618
0.10475300252437592
0.10475529730319977
0.10475520044565201
0.10475365072488785
0.10475289821624756
0.10475440323352814
0.10475435107946396
0.10475564748048782
0.10475260019302368
0.10475645214319229
0.10475164651870728
0.10475365072488785
0.10475385189056396
0.10475754737854004
0.10475250333547592
0.10475549846887589
0.10475459694862366
0.10475669801235199
0.1047588512301445
0.1047545000910759
0.10475394874811172
0.10475750267505646
0.10475239902734756
0.10475510358810425
0.10474859923124313
0.10475385189056396
0.10475525259971619
0.10475359857082367
0.10475204885005951
0.10475444793701172
0.1047525480389595
0.10475660115480423
0.10475385189056396
0.10475295037031174
0.10475009679794312
0.10475210100412369
0.10475409775972366
0.10475250333547592
0.1047508493065834
0.10475405305624008
0.10475414991378784
0.10475164651870728
0.10475250333547592
0.10475440323352814
0.10475610196590424
0.10475520044565201
0.10475374758243561
0.10475829988718033
0.10475540161132812
0.10475730150938034
0.10475745052099228
0.10475614666938782
0.10475614666938782
0.10475330054759979
0.10475809872150421
0.10475189983844757
0.10475344955921173
0.10475225001573563
0.10475180298089981
0.10475020110607147
0.10475049912929535
0.10475129634141922
0.10475125163793564
0.10475354641675949
0.104756198823452
0.10475374758243561
0.10475440323352814
0.1047559529542923
0.10475534945726395
0.10475359857082367
0.1047501489520073
0.10475385189056396
0.10475894808769226
0.10475295037031174
0.10475464910268784
0.10475335270166397
0.10475239902734756
0.10475289821624756
0.10475035011768341
0.10475105047225952
0.10475435107946396
0.10475639998912811
0.10475184768438339
0.10475119948387146
0.10475029796361923
0.1047528013586998
0.10475199669599533
0.10474959760904312
0.10475095361471176
0.10475564748048782
0.10475095361471176
0.10475274920463562
0.10475575178861618
0.10475370287895203
0.10475040227174759
0.10475140064954758
0.10474920272827148
0.10475149750709534
0.10475180298089981
0.10475225001573563
0.10475184768438339
0.10475680232048035
0.10475020110607147
0.10475184768438339
0.10475695133209229
0.10475514829158783
0.10475564748048782
0.10475379973649979
0.10475274920463562
0.10475330054759979
0.10475510358810425
0.10475505143404007
0.10475514829158783
0.10475575178861618
0.10475820302963257
0.10475794970989227
0.10475529730319977
0.10475459694862366
0.10475234687328339
0.10475514829158783
0.10475479811429977
0.10475354641675949
0.10475250333547592
0.10475020110607147
0.10475529730319977
0.10475239902734756
0.10475625097751617
0.10475604981184006
0.10475604981184006
0.10475745052099228
0.10475344955921173
0.10475429892539978
0.10475870221853256
0.1047496497631073
0.1047525480389595
0.1047542467713356
0.10475219786167145
0.10475339740514755
0.10475470125675201
0.10475520044565201
0.104749396443367
0.10475414991378784
0.10475490242242813
0.1047516018152237
0.10475129634141922
0.10475435107946396
0.10475499927997589
0.10475599765777588
0.10475260019302368
0.10475564748048782
0.10475459694862366
0.10474999994039536
0.10475154966115952
0.10475370287895203
0.10475199669599533
0.10475330054759979
0.10475339740514755
0.10475114732980728
0.10475420206785202
0.10474994778633118
0.10475330054759979
0.10475800186395645
0.10476040095090866
0.10475844889879227
0.1047605499625206
0.10475510358810425
0.1047545000910759
0.10475804656744003
0.10475780069828033
0.1047559529542923
0.10475610196590424
0.1047511026263237
0.1047501489520073
0.10475204885005951
0.10475414991378784
0.10475520044565201
0.10475534945726395
0.10475534945726395
0.10475529730319977
0.10475479811429977
0.10475374758243561
0.1047578975558281
0.10475420206785202
0.10475309938192368
0.1047542467713356
0.10475529730319977
0.104756198823452
0.10475455224514008
0.10475590080022812
0.10475129634141922
0.10475464910268784
0.10475285351276398
0.10475505143404007
0.10475370287895203
0.10475435107946396
0.10475020110607147
0.10475265234708786
0.10474780201911926
0.10475459694862366
0.10475575178861618
0.10475475341081619
0.10475350171327591
0.10475394874811172
0.10475575178861618
0.10474950075149536
0.10475225001573563
0.10474944859743118
0.10475350171327591
0.10475525259971619
0.10475665330886841
0.10475599765777588
0.10475260019302368
0.10475564748048782
0.10475359857082367
0.10475309938192368
0.10475700348615646
0.1047496497631073
0.10475025326013565
0.10475175082683563
0.10475234687328339
0.10475389659404755
0.10475324839353561
0.10475730150938034
0.10475339740514755
0.10475324839353561
0.10475309938192368
0.10475300252437592
0.10475420206785202
0.10475195199251175
0.10475534945726395
0.10475365072488785
0.10475409775972366
0.10475604981184006
0.10475125163793564
0.10475189983844757
0.10475035011768341
0.10475455224514008
0.10475389659404755
0.10475829988718033
0.1047545000910759
0.10475494712591171
0.1047554463148117
0.1047469973564148
0.1047530472278595
0.10475359857082367
0.10475389659404755
0.10475300252437592
0.10475219786167145
0.10475180298089981
0.10475090146064758
0.10475265234708786
0.10475420206785202
0.10474865138530731
0.10475239902734756
0.10475379973649979
0.10475204885005951
0.10475149750709534
0.10475429892539978
0.10475344955921173
0.10475444793701172
0.10474824905395508
0.10475320369005203
0.10474974662065506
0.10475140064954758
0.10476750135421753
0.10476549714803696
0.1047622486948967
0.10476324707269669
0.10476340353488922
0.1047632023692131
0.1047668531537056
0.10476189851760864
0.10476040095090866
0.10476014763116837
0.10476189851760864
0.10476294904947281
0.10476584732532501
0.10476189851760864
0.10475804656744003
0.10475905239582062
0.10476145148277283
0.10475979745388031
0.104762002825737
0.10476460307836533
0.10476134717464447
0.10476060211658478
0.10476444661617279
0.10476519912481308
0.10476189851760864
0.10475890338420868
0.10476259887218475
0.10476274788379669
0.10476565361022949
0.10476209968328476
0.10476545244455338
0.10476554930210114
0.10476329922676086
0.10476545244455338
0.10476235300302505
0.10476069897413254
0.10476084798574448
0.10476219654083252
0.10476130247116089
0.10476274788379669
0.10476064682006836
0.10476069897413254
0.10476060211658478
0.10476195067167282
0.1047595962882042
0.10476270318031311
0.1047639474272728
0.10475769639015198
0.10476084798574448
0.10475920140743256
0.10476115345954895
0.10476700216531754
0.10475940257310867
0.104756198823452
0.1047595962882042
0.1047578975558281
0.10475955158472061
0.104761503636837
0.10475625097751617
0.10475625097751617
0.10475769639015198
0.1047578975558281
0.10475614666938782
0.1047588512301445
0.10474929958581924
0.10475710034370422
0.104756198823452
0.10475614666938782
0.10475900024175644
0.10475025326013565
0.10475344955921173
0.10475365072488785
0.10475549846887589
0.10475780069828033
0.10475129634141922
0.10475239902734756
0.10475300252437592
0.10475389659404755
0.10475905239582062
0.10475440323352814
0.10475260019302368
0.10475365072488785
0.10475389659404755
0.10475680232048035
0.10475984960794449
0.10475610196590424
0.10475625097751617
0.10475850105285645
0.10475850105285645
0.10475874692201614
0.10475944727659225
0.10475785285234451
0.1047578975558281
0.10475520044565201
0.10476040095090866
0.10476340353488922
0.10475660115480423
0.10475575178861618
0.10476060211658478
0.10476355254650116
0.10476329922676086
0.1047617495059967
0.10475905239582062
0.10476235300302505
0.10475855320692062
0.1047595962882042
0.10476405173540115
0.10476505011320114
0.1047634482383728
0.1047649011015892
0.10476549714803696
0.10476589947938919
0.10476969927549362
0.10476549714803696
0.1047665998339653
0.10477004945278168
0.10477034747600555
0.1047685518860817
0.10476844757795334
0.10476790368556976
0.10476270318031311
0.1047694981098175
0.10476914793252945
0.10476735234260559
0.10476665198802948
0.10476894676685333
0.10477355122566223
0.10477244853973389
0.10477135330438614
0.10477305203676224
0.1047685518860817
0.10477010160684586
0.10476820170879364
0.10476735234260559
0.10477060079574585
0.10477185249328613
0.10477069765329361
0.10476914793252945
0.10477244853973389
0.10477239638566971
0.10477375239133835
0.10477209836244583
0.10477139800786972
0.10477329790592194
0.1047692522406578
0.10476990044116974
0.10477560013532639
0.10477165132761002
0.10477335005998611
0.10476859658956528
0.10477264970541
0.10477174818515778
0.10477489978075027
0.10477480292320251
0.10477375239133835
0.10477609932422638
0.10477320104837418
0.10477759689092636
0.10477524995803833
0.10477209836244583
0.10477329790592194
0.10477320104837418
0.10477270185947418
0.10477139800786972
0.10477180033922195
0.1047741025686264
0.10477600246667862
0.10477469861507416
0.10477220267057419
0.10477510094642639
0.10477515310049057
0.1047709509730339
0.10476945340633392
0.10477504879236221
0.10477229952812195
0.10476995259523392
0.10477224737405777
0.10477624833583832
0.10477425158023834
0.10477244853973389
0.10477174818515778
0.10476945340633392
0.10477314889431
0.10477270185947418
0.10477244853973389
0.10477329790592194
0.10477320104837418
0.10477299988269806
0.1047741025686264
0.10477414727210999
0.10477670282125473
0.10477534681558609
0.10477454960346222
0.10477499663829803
0.10477370023727417
0.1047729030251503
0.1047758013010025
0.10477370023727417
0.10477004945278168
0.10477504879236221
0.10477209836244583
0.10477255284786224
0.10477405041456223
0.10477320104837418
0.10476964712142944
0.10477364808320999
0.10477425158023834
0.10477264970541
0.10477150231599808
0.10477475076913834
0.10477165132761002
0.10476990044116974
0.10477539896965027
0.10477264970541
0.10477329790592194
0.10477689653635025
0.10477515310049057
0.10477165132761002
0.10477524995803833
0.10477425158023834
0.10477235168218613
0.10477670282125473
0.10477405041456223
0.10477224737405777
0.1047729030251503
0.10477054864168167
0.10477390140295029
0.10476770251989365
0.10477239638566971
0.1047741025686264
0.10477355122566223
0.1047758013010025
0.10477100312709808
0.10477235168218613
0.10477344691753387
0.1047714501619339
0.10477515310049057
0.10476875305175781
0.10477229952812195
0.10477325320243835
0.10477464646100998
0.10477454960346222
0.10477270185947418
0.10477414727210999
0.10477395355701447
0.10477320104837418
0.10477154701948166
0.10477335005998611
0.10477399826049805
0.10477829724550247
0.10477089881896973
0.10477165132761002
0.10477480292320251
0.10477480292320251
0.10477159917354584
0.10477375239133835
0.10477065294981003
0.10477495193481445
0.10477279871702194
0.10476964712142944
0.10476955026388168
0.10477244853973389
0.1047699972987175
0.1047697514295578
0.10477425158023834
0.10477244853973389
0.10477375239133835
0.10477180033922195
0.10477194935083389
0.1047717034816742
0.10477255284786224
0.10477150231599808
0.10477440059185028
0.10477205365896225
0.10477419942617416
0.10477069765329361
0.10477039963006973
0.10477224737405777
0.10477250069379807
0.10477054864168167
0.10477364808320999
0.10477270185947418
0.10477049648761749
0.10477375239133835
0.10476790368556976
0.10477379709482193
0.10477585345506668
0.10476835072040558
0.10477279871702194
0.10476969927549362
0.10476980358362198
0.10476929694414139
0.1047702506184578
0.10476759821176529
0.10477180033922195
0.10477419942617416
0.10477299988269806
0.10477344691753387
0.10477340221405029
0.10477224737405777
0.1047717034816742
0.1047717034816742
0.10477255284786224
0.10477539896965027
0.10477340221405029
0.10477489978075027
0.10477229952812195
0.10477180033922195
0.10477395355701447
0.10477205365896225
0.10477814823389053
0.1047775000333786
0.10477714985609055
0.10477845370769501
0.10477805137634277
0.10477820038795471
0.1047763004899025
0.10477744787931442
0.10477989912033081
0.10478035360574722
0.10477759689092636
0.10477595031261444
0.10477744787931442
0.10477639734745026
0.1047796979546547
0.10478200018405914
0.10478004813194275
0.10477679967880249
0.10477864742279053
0.10477674752473831
0.10477670282125473
0.10477910190820694
0.10477755218744278
0.10477764904499054
0.1047760471701622
0.10477834939956665
0.10477569699287415
0.10477440059185028
0.10477665066719055
0.1047796979546547
0.10477524995803833
0.10477810353040695
0.10477805137634277
0.10477569699287415
0.10477709770202637
0.10477814823389053
0.1047791987657547
0.1047760471701622
0.10477965325117111
0.10477585345506668
0.10477860271930695
0.1047796979546547
0.10477464646100998
0.10477639734745026
0.10477759689092636
0.10477825254201889
0.10477864742279053
0.10478010028600693
0.10477705299854279
0.10477729886770248
0.10477694869041443
0.10477600246667862
0.10477694869041443
0.10477755218744278
0.10477545112371445
0.1047777533531189
0.10477464646100998
0.10478000342845917
0.10477904975414276
0.10477825254201889
0.10478030145168304
0.10477759689092636
0.10477759689092636
0.10477840155363083
0.10477910190820694
0.10477825254201889
0.10477899760007858
0.10477565228939056
0.10477550327777863
0.10477585345506668
0.10477714985609055
0.1047803983092308
0.10477965325117111
0.10477814823389053
0.10477855056524277
0.1047772467136383
0.10478310286998749
0.10477764904499054
0.10477589815855026
0.1047775000333786
0.10477574914693832
0.10477554798126221
0.10477565228939056
0.10477185249328613
0.1047772467136383
0.1047760471701622
0.10477984696626663
0.104778952896595
0.10477764904499054
0.10477595031261444
0.10477539896965027
0.1047777533531189
0.10477620363235474
0.1047743484377861
0.10477910190820694
0.1047786995768547
0.10477379709482193
0.10477609932422638
0.10477744787931442
0.10477670282125473
0.10477620363235474
0.10477259755134583
0.10477419942617416
0.10477515310049057
0.10477914661169052
0.10477644950151443
0.10477840155363083
0.1047758013010025
0.10477504879236221
0.1047741025686264
0.10477569699287415
0.1047775000333786
0.10477469861507416
0.1047775000333786
0.10477674752473831
0.10477325320243835
0.10477685183286667
0.1047772467136383
0.10477390140295029
0.10477504879236221
0.10477954894304276
0.10477709770202637
0.10477864742279053
0.10478010028600693
0.10477340221405029
0.10477820038795471
0.10477829724550247
0.10477884858846664
0.10477965325117111
0.10477820038795471
0.10477524995803833
0.1047765463590622
0.10477829724550247
0.1047763004899025
0.10477820038795471
0.10477600246667862
0.10477665066719055
0.10477714985609055
0.10477845370769501
0.10478094965219498
0.10477644950151443
0.10477379709482193
0.10477729886770248
0.10477390140295029
0.1047765463590622
0.10477709770202637
0.10477755218744278
0.10477299988269806
0.10477539896965027
0.10477890074253082
0.10477714985609055
0.10477565228939056
0.10477239638566971
0.1047746017575264
0.10477309674024582
0.10477764904499054
0.10477759689092636
0.10477510094642639
0.1047758013010025
0.10477294772863388
0.10477829724550247
0.10477794706821442
0.10477644950151443
0.10477829724550247
0.10477539896965027
0.1047796979546547
0.10477495193481445
0.10477650165557861
0.10477930307388306
0.1047763004899025
0.1047786995768547
0.10477670282125473
0.10477860271930695
0.10477705299854279
0.10477644950151443
0.10477480292320251
0.10477934777736664
0.10477845370769501
0.10477589815855026
0.10477855056524277
0.10477609932422638
0.10477954894304276
0.10477305203676224
0.1047779992222786
0.10477679967880249
0.10477814823389053
0.10477860271930695
0.10477744787931442
0.10477659851312637
0.10477464646100998
0.10477910190820694
0.10477574914693832
0.10477705299854279
0.10477879643440247
0.10478010028600693
0.10477845370769501
0.10477499663829803
0.10477934777736664
0.10477805137634277
0.1047758013010025
0.10477545112371445
0.10477779805660248
0.10477504879236221
0.10477399826049805
0.1047775000333786
0.10477665066719055
0.10477770119905472
0.10477954894304276
0.10477515310049057
0.10477740317583084
0.10477545112371445
0.10477709770202637
0.10477834939956665
0.10477855056524277
0.10477934777736664
0.10477609932422638
0.10477805137634277
0.10477989912033081
0.10477845370769501
0.10477714985609055
0.10477600246667862
0.1047743484377861
0.10477489978075027
0.1047765463590622
0.10477714985609055
0.10477954894304276
0.10477574914693832
0.10477755218744278
0.10477890074253082
0.10477834939956665
0.10477735102176666
0.10477720201015472
0.1047765463590622
0.10477709770202637
0.10477650165557861
0.10477475076913834
0.10477705299854279
0.10477735102176666
0.10477879643440247
0.10477635264396667
0.10477670282125473
0.10478035360574722
0.10477720201015472
0.10477779805660248
0.10477565228939056
0.10477829724550247
0.1047791987657547
0.10477405041456223
0.10477624833583832
0.1047775000333786
0.10477624833583832
0.10477464646100998
0.10477720201015472
0.10477805137634277
0.10477635264396667
0.1047775000333786
0.10477504879236221
0.10477770119905472
0.1047803983092308
0.10477845370769501
0.10478024929761887
0.10477709770202637
0.10477705299854279
0.1047763004899025
0.10477585345506668
0.1047791987657547
0.10477624833583832
0.10477705299854279
0.10477644950151443
0.10477849841117859
0.10477845370769501
0.1047777533531189
0.1047760471701622
0.10477545112371445
0.10477569699287415
0.10477644950151443
0.10477904975414276
0.10477930307388306
0.10477344691753387
0.10477609932422638
0.10477454960346222
0.10477504879236221
0.10477414727210999
0.10478059947490692
0.10477834939956665
0.10477679967880249
0.10477729886770248
0.10478059947490692
0.10477624833583832
0.10477539896965027
0.10477840155363083
0.10477635264396667
0.10477720201015472
0.104778952896595
0.10477829724550247
0.1047775000333786
0.10477779805660248
0.10477864742279053
0.10477515310049057
0.1047775000333786
0.10478104650974274
0.104779452085495
0.10477545112371445
0.10477674752473831
0.10477679967880249
0.10478050261735916
0.10477499663829803
0.10477659851312637
0.10477674752473831
0.10477589815855026
0.1047748476266861
0.10477425158023834
0.10477344691753387
0.1047786995768547
0.10477740317583084
0.10477480292320251
0.10477759689092636
0.10477849841117859
0.1047760471701622
0.10477539896965027
0.10477755218744278
0.1047772467136383
0.1047748476266861
0.10477779805660248
0.10477499663829803
0.10477620363235474
0.10477890074253082
0.10477609932422638
0.10477720201015472
0.10477720201015472
0.10477685183286667
0.10477709770202637
0.10477454960346222
0.10477814823389053
0.10477534681558609
0.10477344691753387
0.10477405041456223
0.10477349907159805
0.10477054864168167
0.1047765463590622
0.10477130115032196
0.10477560013532639
0.1047741025686264
0.10476980358362198
0.10477215051651001
0.10477014631032944
0.10477100312709808
0.10477180033922195
0.10476864874362946
0.10477285087108612
0.10476890206336975
0.10477370023727417
0.10476844757795334
0.10476835072040558
0.10477034747600555
0.10476945340633392
0.10477084666490555
0.1047687977552414
0.10476519912481308
0.10476355254650116
0.10476875305175781
0.10476929694414139
0.10476650297641754
0.10476464778184891
0.10476704686880112
0.10476464778184891
0.10476495325565338
0.10476730018854141
0.10477045178413391
0.10476790368556976
0.10476265102624893
0.10476479679346085
0.10476645082235336
0.10476379841566086
0.10476390272378922
0.10476770251989365
0.10476914793252945
0.10476099699735641
0.10476870089769363
0.10476390272378922
0.10476674884557724
0.10476560145616531
0.10476724803447723
0.10476859658956528
0.10476329922676086
0.104766346514225
0.10476110130548477
0.10476794838905334
0.10476964712142944
0.10476589947938919
0.10476350039243698
0.10476184636354446
0.10476379841566086
0.10476794838905334
0.10476434975862503
0.10476545244455338
0.10476195067167282
0.10476049780845642
0.10476364940404892
0.10476315021514893
0.10476695001125336
0.10476049780845642
0.10475610196590424
0.10475844889879227
0.10475905239582062
0.10475979745388031
0.10476274788379669
0.10476285219192505
0.10475680232048035
0.10475730150938034
0.10475514829158783
0.10475374758243561
0.1047568991780281
0.10476090013980865
0.10475555062294006
0.10474994778633118
0.10475189983844757
0.1047528013586998
0.10475274920463562
0.10475634783506393
0.10475914925336838
0.10475514829158783
0.10474909842014313
0.10475374758243561
0.1047576516866684
0.10476060211658478
0.10475855320692062
0.10476069897413254
0.10475684702396393
0.10475874692201614
0.1047588512301445
0.10476169735193253
0.10476375371217728
0.10476350039243698
0.10475680232048035
0.10476045310497284
0.10476230084896088
0.10476654767990112
0.10476844757795334
0.1047692522406578
0.10476785153150558
0.1047649011015892
0.10476665198802948
0.10476674884557724
0.10476785153150558
0.1047685518860817
0.10476790368556976
0.10477130115032196
0.10476995259523392
0.10477060079574585
0.104766346514225
0.10477215051651001
0.1047717034816742
0.10477325320243835
0.10477080196142197
0.10476964712142944
0.10477209836244583
0.10477239638566971
0.10476945340633392
0.10477384924888611
0.10477279871702194
0.10477294772863388
0.10477150231599808
0.10476969927549362
0.10477084666490555
0.10476964712142944
0.10477314889431
0.10477065294981003
0.10476964712142944
0.10476890206336975
0.10477534681558609
0.10477349907159805
0.10476964712142944
0.10477620363235474
0.10476995259523392
0.10477165132761002
0.10476980358362198
0.1047729030251503
0.10477565228939056
0.10477689653635025
0.10477320104837418
0.10477135330438614
0.10477115213871002
0.10477135330438614
0.10476894676685333
0.1047711968421936
0.10476940125226974
0.10477084666490555
0.1047694981098175
0.10477259755134583
0.1047714501619339
0.10477220267057419
0.10477115213871002
0.10477534681558609
0.10477165132761002
0.10477034747600555
0.10477299988269806
0.1047743484377861
0.10476759821176529
0.10477235168218613
0.10476809740066528
0.10476905107498169
0.10477039963006973
0.10476875305175781
0.10476809740066528
0.10476619750261307
0.10476914793252945
0.10476809740066528
0.10477084666490555
0.10477224737405777
0.10476945340633392
0.10476665198802948
0.10476770251989365
0.10476580262184143
0.10477250069379807
0.1047670990228653
0.10476955026388168
0.10476715117692947
0.10476899892091751
0.1047687977552414
0.10476785153150558
0.10477069765329361
0.10477235168218613
0.10476800054311752
0.10477209836244583
0.10476929694414139
0.10477069765329361
0.10477229952812195
0.10477074980735779
0.10477294772863388
0.10477034747600555
0.10477425158023834
0.1047729030251503
0.10477049648761749
0.10477335005998611
0.10477454960346222
0.10477429628372192
0.1047729030251503
0.10477220267057419
0.10477464646100998
0.10477379709482193
0.10477670282125473
0.1047729030251503
0.1047741025686264
0.10477340221405029
0.10477595031261444
0.10477069765329361
0.1047746017575264
0.10477679967880249
0.10477250069379807
0.10477379709482193
0.10477425158023834
0.10477150231599808
0.10477714985609055
0.10477794706821442
0.10477735102176666
0.10477659851312637
0.10477384924888611
0.10477600246667862
0.10477524995803833
0.10477635264396667
0.10477250069379807
0.10477554798126221
0.1047765463590622
0.10477914661169052
0.10477855056524277
0.10477429628372192
0.10477665066719055
0.10477755218744278
0.10477294772863388
0.10477550327777863
0.10477674752473831
0.10477674752473831
0.1047748476266861
0.10477519780397415
0.10477449744939804
0.10477609932422638
0.1047758013010025
0.1047777533531189
0.10477560013532639
0.10477340221405029
0.10477515310049057
0.10477565228939056
0.10477620363235474
0.10477770119905472
0.10477554798126221
0.1047765463590622
0.10477299988269806
0.10477644950151443
0.10478030145168304
0.10477620363235474
0.1047748476266861
0.10477714985609055
0.10477375239133835
0.1047772467136383
0.10477489978075027
0.10477264970541
0.10477545112371445
0.10477554798126221
0.10477229952812195
0.10477735102176666
0.10477685183286667
0.10477659851312637
0.10477609932422638
0.10477419942617416
0.10477665066719055
0.1047746017575264
0.10477499663829803
0.10477884858846664
0.10477560013532639
0.1047777533531189
0.10477524995803833
0.10477595031261444
0.10477469861507416
0.10477554798126221
0.10477534681558609
0.10477659851312637
0.10477495193481445
0.10477554798126221
0.10477355122566223
0.10477454960346222
0.10477285087108612
0.10477679967880249
0.1047760471701622
0.10477279871702194
0.10477644950151443
0.10477499663829803
0.10477539896965027
0.10477609932422638
0.10477244853973389
0.10477454960346222
0.10477390140295029
0.10477624833583832
0.10477309674024582
0.10477314889431
0.10477515310049057
0.1047748476266861
0.10477480292320251
0.10477395355701447
0.10477565228939056
0.10477585345506668
0.10477239638566971
0.10477679967880249
0.10477650165557861
0.10477665066719055
0.10477049648761749
0.1047748476266861
0.10477454960346222
0.10477635264396667
0.10476995259523392
0.10477209836244583
0.10477294772863388
0.10477279871702194
0.10477279871702194
0.10477585345506668
0.10477335005998611
0.1047711968421936
0.10477545112371445
0.10477205365896225
0.10477414727210999
0.10477464646100998
0.10477480292320251
0.10477624833583832
0.10477314889431
0.10477340221405029
0.10477379709482193
0.1047772467136383
0.10477569699287415
0.10477375239133835
0.10477709770202637
0.10477515310049057
0.10477205365896225
0.1047741025686264
0.10477440059185028
0.10477480292320251
0.10477504879236221
0.10477609932422638
0.1047775000333786
0.10477620363235474
0.10477569699287415
0.10477569699287415
0.10477264970541
0.10477499663829803
0.10477665066719055
0.1047741025686264
0.10477309674024582
0.10477325320243835
0.10477624833583832
0.1047775000333786
0.10477685183286667
0.10477384924888611
0.10477820038795471
0.10477834939956665
0.10477855056524277
0.10477810353040695
0.10477729886770248
0.10477939993143082
0.10478074848651886
0.10477554798126221
0.10477554798126221
0.10477574914693832
0.10477794706821442
0.10477489978075027
0.10477305203676224
0.10477864742279053
0.10477279871702194
0.10477510094642639
0.104778952896595
0.10477595031261444
0.10477740317583084
0.10477995127439499
0.10477779805660248
0.10477585345506668
0.10477689653635025
0.1047741025686264
0.10477364808320999
0.10477510094642639
0.10477770119905472
0.10477735102176666
0.10477425158023834
0.10477340221405029
0.10477489978075027
0.10477600246667862
0.10477840155363083
0.10477714985609055
0.1047748476266861
0.10477499663829803
0.10477554798126221
0.10477740317583084
0.10477840155363083
0.10477665066719055
0.10477419942617416
0.10477440059185028
0.10477524995803833
0.10477539896965027
0.10477670282125473
0.10477589815855026
0.10477600246667862
0.10477709770202637
0.10477489978075027
0.10477820038795471
0.10477209836244583
0.10477810353040695
0.1047777533531189
0.10477299988269806
0.10477585345506668
0.10477565228939056
0.10477370023727417
0.10477504879236221
0.10477335005998611
0.10477259755134583
0.10477845370769501
0.10477650165557861
0.1047763004899025
0.10477320104837418
0.1047717034816742
0.1047763004899025
0.10477325320243835
0.10477524995803833
0.1047775000333786
0.10477600246667862
0.10477480292320251
0.1047729030251503
0.10477644950151443
0.10477519780397415
0.1047775000333786
0.10477665066719055
0.10477764904499054
0.1047743484377861
0.10477235168218613
0.10477454960346222
0.10477325320243835
0.10477545112371445
0.10477379709482193
0.10477224737405777
0.10477665066719055
0.10477670282125473
0.10477464646100998
0.10477364808320999
0.10477499663829803
0.10477370023727417
0.10477335005998611
0.10477864742279053
0.10477674752473831
0.10477659851312637
0.10477585345506668
0.10477840155363083
0.10477735102176666
0.10476990044116974
0.10477489978075027
0.10477714985609055
0.1047765463590622
0.10477759689092636
0.10477585345506668
0.10477740317583084
0.10477729886770248
0.10477539896965027
0.10477364808320999
0.10477499663829803
0.104778952896595
0.10477595031261444
0.10477205365896225
0.10477370023727417
0.10477515310049057
0.10476859658956528
0.10472390055656433
0.1047011986374855
0.10477150231599808
0.1047743484377861
0.10477499663829803
0.10477414727210999
0.10477644950151443
0.10477670282125473
0.10477454960346222
0.10477115213871002
0.10477694869041443
0.10477414727210999
0.10477884858846664
0.1047779992222786
0.10477639734745026
0.10477679967880249
0.10477174818515778
0.10477440059185028
0.1047741025686264
0.10477335005998611
0.10477314889431
0.10477325320243835
0.10477659851312637
0.10477670282125473
0.10477379709482193
0.000005750000127591193
5.499999815583578e-7
0.0000064000000747910235
0.000007000000096013537
0.000002100000074278796
0.0000036999999792897142
0.000003150000111418194
-0.00015335000352934003
0.10477299988269806
0.10477524995803833
0.1047714501619339
0.1047729030251503
0.10477270185947418
0.1047694981098175
0.10477810353040695
0.10477355122566223
0.10477560013532639
0.10477440059185028
0.10477635264396667
0.10477740317583084
0.10477644950151443
0.10477569699287415
0.10477390140295029
0.10477264970541
0.10477550327777863
0.10477805137634277
0.10477515310049057
0.10477534681558609
0.10477429628372192
0.10477595031261444
0.10477860271930695
0.10477755218744278
0.10477565228939056
0.10477515310049057
0.10477390140295029
0.10477440059185028
0.10477259755134583
0.10477659851312637
0.10477395355701447
0.1047758013010025
0.10477344691753387
0.10477585345506668
0.10477499663829803
0.10477550327777863
0.10477495193481445
0.1047746017575264
0.10477744787931442
0.10477270185947418
0.10477740317583084
0.1047758013010025
0.10477414727210999
0.10477314889431
0.10477620363235474
0.10477600246667862
0.10477814823389053
0.10477744787931442
0.10477384924888611
0.10477440059185028
0.10477464646100998
0.10477609932422638
0.10477405041456223
0.083941251039505
0.059995949268341064
0.10476545244455338
0.1047602966427803
0.10476530343294144
0.1047605499625206
0.10476254671812057
0.10476019978523254
0.10475914925336838
0.10475990176200867
0.10476034879684448
0.10476530343294144
0.1047639474272728
0.10475645214319229
0.1047595962882042
0.09623230248689651
0.06397025287151337
0.09798865020275116
0.07139880210161209
0.07935824990272522
0.07861585170030594
0.08064605295658112
0.06560514867305756
0.07626400142908096
0.0764433965086937
0.07915885001420975
0.10474909842014313
0.10477390140295029
0.10477425158023834
0.1047772467136383
0.10477510094642639
0.10477115213871002
0.1047779992222786
0.10477639734745026
0.08068870007991791
0.1023683026432991
0.10469499975442886
0.08041240274906158
0.0908161997795105
0.10472659766674042
0.08396100252866745
0.10476969927549362
0.07653100043535233
0.06817489862442017
0.07414504885673523
0.07825034856796265
0.08429785072803497
0.10468924790620804
0.10477429628372192
0.1047763004899025
0.10477504879236221
0.10478035360574722
0.1047806516289711
0.1047791987657547
0.10477845370769501
0.10477975010871887
0.10477825254201889
0.10477635264396667
0.1047336533665657
0.10476449877023697
0.10476800054311752
0.10476814955472946
0.10476034879684448
0.10474074631929398
0.10473860055208206
0.10474005341529846
0.10474955290555954
0.10477320104837418
0.10477100312709808
0.10477270185947418
0.10477609932422638
0.05451250076293945
0.04466855153441429
0.05359714850783348
0.06054230034351349
0.08230389654636383
0.08606959879398346
0.10472674667835236
0.10474874824285507
0.10476259887218475
0.10476499795913696
0.10477250069379807
0.10477674752473831
0.10477399826049805
0.10477589815855026
0.10477429628372192
0.10477384924888611
0.10477534681558609
0.10477720201015472
0.104778952896595
0.10477569699287415
0.10477714985609055
0.10477805137634277
0.10478000342845917
0.10477949678897858
0.10477685183286667
0.10477620363235474
0.10477890074253082
0.10477779805660248
0.10477934777736664
0.10478155314922333
0.10477845370769501
0.10477650165557861
0.10477860271930695
0.10477980226278305
0.10477814823389053
0.10477764904499054
0.10477659851312637
0.10477639734745026
0.10477440059185028
0.10477670282125473
0.104778952896595
0.10477709770202637
0.10478019714355469
0.10477849841117859
0.1047746017575264
0.10477440059185028
0.10477744787931442
0.10478010028600693
0.10477980226278305
0.104778952896595
0.10477689653635025
0.10477899760007858
0.10477759689092636
0.1047763004899025
0.10477635264396667
0.10477620363235474
0.10477890074253082
0.10477755218744278
0.10477674752473831
0.10477764904499054
0.10477635264396667
0.10477834939956665
0.10477519780397415
0.10477735102176666
0.10477949678897858
0.104778952896595
0.10477600246667862
0.10477650165557861
0.10477729886770248
0.10477220267057419
0.10477150231599808
0.10477034747600555
0.10477084666490555
0.10477449744939804
0.10477294772863388
0.10477325320243835
0.10477399826049805
0.10477154701948166
0.10477239638566971
0.10477034747600555
0.1047729030251503
0.10476700216531754
0.10477335005998611
0.10477054864168167
0.10477390140295029
0.10477259755134583
0.1047741025686264
0.10477305203676224
0.10477264970541
0.10476905107498169
0.10477495193481445
0.10477270185947418
0.10477565228939056
0.10477250069379807
0.10477519780397415
0.1047741025686264
0.1047702506184578
0.10477215051651001
0.1047692522406578
0.10477305203676224
0.10477425158023834
0.10477305203676224
0.10477010160684586
0.10476910322904587
0.10477244853973389
0.10476859658956528
0.10477084666490555
0.10477014631032944
0.10477419942617416
0.10477639734745026
0.1047714501619339
0.10477554798126221
0.10477159917354584
0.10477285087108612
0.10477694869041443
0.1047806516289711
0.10477759689092636
0.10477709770202637
0.10477934777736664
0.10477770119905472
0.10478000342845917
0.10477995127439499
0.10477899760007858
0.10477554798126221
0.10477884858846664
0.10477849841117859
0.10477840155363083
0.10478074848651886
0.1047775000333786
0.10477685183286667
0.10477735102176666
0.10478124767541885
0.10477744787931442
0.10477709770202637
0.10477855056524277
0.10477860271930695
0.1047803983092308
0.10477855056524277
0.10478100180625916
0.10477845370769501
0.1047826036810875
0.10477805137634277
0.10477729886770248
0.1047826036810875
0.10478100180625916
0.10477609932422638
0.10477975010871887
0.10478074848651886
0.10477939993143082
0.10477949678897858
0.10477834939956665
0.10478019714355469
0.1047806516289711
0.10477949678897858
0.10478264838457108
0.10477679967880249
0.10477829724550247
0.10477980226278305
0.1047779992222786
0.10477755218744278
0.10477805137634277
0.10477489978075027
0.10477384924888611
0.10477674752473831
0.10477674752473831
0.1047765463590622
0.104778952896595
0.10477954894304276
0.10477825254201889
0.10477890074253082
0.104779452085495
0.10477984696626663
0.10477770119905472
0.10477609932422638
0.10478010028600693
0.10477989912033081
0.10477335005998611
0.10477600246667862
0.1047748476266861
0.1047775000333786
0.1047779992222786
0.10477954894304276
0.10477650165557861
0.10477670282125473
0.10477744787931442
0.1047775000333786
0.10477574914693832
0.10477949678897858
0.10477644950151443
0.10477890074253082
0.10477744787931442
0.10477744787931442
0.10477820038795471
0.10478004813194275
0.10477735102176666
0.10477674752473831
0.10477685183286667
0.10477665066719055
0.10477829724550247
0.10477735102176666
0.10477639734745026
0.1047808974981308
0.1047765463590622
0.10477639734745026
0.104779452085495
0.1047777533531189
0.10477499663829803
0.10478069633245468
0.1047775000333786
0.10477834939956665
0.10477820038795471
0.10477954894304276
0.10477670282125473
0.10477899760007858
0.10477759689092636
0.10477910190820694
0.1047779992222786
0.10477735102176666
0.10477499663829803
0.1047772467136383
0.10477849841117859
0.1047777533531189
0.104779452085495
0.10477554798126221
0.10477904975414276
0.10477965325117111
0.10477939993143082
0.10477565228939056
0.10477825254201889
0.10477740317583084
0.10477595031261444
0.10477820038795471
0.10477829724550247
0.10477884858846664
0.10477820038795471
0.104778952896595
0.10477674752473831
0.1047765463590622
0.10477810353040695
0.10477805137634277
0.10477729886770248
26.953899383544922
26.95585060119629
26.987449645996094
27.028249740600586
27.079750061035156
26.995250701904297
26.76515007019043
26.804349899291992
26.80164909362793
26.885000228881836
26.997900009155273
27.05590057373047
26.975250244140625
26.716699600219727
26.759849548339844
26.800899505615234
26.884950637817383
27.01314926147461
27.314300537109375
27.314300537109375
26.788549423217773
26.849149703979492
26.93804931640625
27.35154914855957
27.161149978637695
26.9414005279541
26.835599899291992
26.8924503326416
26.948850631713867
27.07765007019043
27.15999984741211
27.211950302124023
27.146299362182617
27.194000244140625
27.210750579833984
27.320650100708008
27.393449783325195
27.50429916381836
27.250699996948242
27.184650421142578
27.25054931640625
27.32360076904297
27.391599655151367
27.49679946899414
27.3346004486084
27.250350952148438
27.320600509643555
27.39189910888672
27.468299865722656
27.883150100708008
27.736400604248047
27.672000885009766
27.745250701904297
27.642000198364258
27.93305015563965
28.059249877929688
27.82740020751953
27.71755027770996
27.894750595092773
28.00480079650879
28.144399642944336
28.23615074157715
28.037900924682617
27.943300247192383
28.02039909362793
27.879850387573242
28.139799118041992
28.211000442504883
28.340850830078125
28.018199920654297
28.041149139404297
28.065149307250977
28.151399612426758
28.225299835205078
28.28955078125
28.04840087890625
28.0132999420166
28.059450149536133
28.146099090576172
28.217050552368164
28.31385040283203
28.065099716186523
28.121049880981445
28.18239974975586
28.29884910583496
28.386850357055664
28.427499771118164
28.427499771118164
28.451000213623047
28.520849227905273
28.662099838256836
28.76020050048828
28.846750259399414
28.653549194335938
28.6653995513916
28.815000534057617
28.926149368286133
29.014400482177734
29.145849227905273
28.867700576782227
28.95585060119629
29.05755043029785
29.469749450683594
29.314599990844727
29.415950775146484
29.168699264526367
29.518199920654297
29.38759994506836
29.479799270629883
29.594449996948242
29.728500366210938
29.54960060119629
29.826499938964844
29.97024917602539
29.74315071105957
29.90329933166504
30.258399963378906
30.344350814819336
30.225500106811523
30.17745018005371
30.318750381469727
30.318750381469727
30.519899368286133
30.635400772094727
30.39805030822754
30.455150604248047
30.550649642944336
30.687950134277344
30.75105094909668
30.8487491607666
30.601600646972656
30.738250732421875
30.769500732421875
30.899900436401367
30.95425033569336
30.88290023803711
30.763500213623047
30.847949981689453
30.873849868774414
30.95170021057129
31.006250381469727
31.383150100708008
30.890050888061523
31.18144989013672
31.2987003326416
30.99959945678711
31.407400131225586
31.1830997467041
31.410049438476562
31.284700393676758
31.109149932861328
31.455049514770508
31.288400650024414
31.449600219726562
31.449600219726562
31.449600219726562
31.501649856567383
31.575950622558594
31.659950256347656
31.755250930786133
31.8302001953125
31.557750701904297
31.655500411987305
31.708749771118164
31.828350067138672
31.880800247192383
31.944250106811523
31.66455078125
31.77790069580078
31.81035041809082
31.893299102783203
31.96595001220703
31.946950912475586
32.07225036621094
31.53499984741211
31.651649475097656
31.714599609375
31.805299758911133
31.886249542236328
31.95815086364746
31.671100616455078
31.778350830078125
31.808000564575195
31.87929916381836
31.96299934387207
32.0442008972168
31.881450653076172
32.00794982910156
32.00794982910156
32.02064895629883
32.130001068115234
32.2181510925293
31.953950881958008
32.021549224853516
32.07474899291992
32.33580017089844
32.24760055541992
32.308250427246094
32.25619888305664
32.047401428222656
31.982749938964844
32.18259811401367
32.282798767089844
32.20970153808594
32.2599983215332
32.17639923095703
32.16889953613281
32.109901428222656
32.168251037597656
32.37284851074219
32.438350677490234
32.29335021972656
32.107200622558594
32.15019989013672
32.16859817504883
32.50434875488281
32.55234909057617
32.61880111694336
32.29145050048828
32.30730056762695
32.35860061645508
32.12730026245117
32.12730026245117
32.48405075073242
32.370601654052734
32.09574890136719
32.040401458740234
32.0843505859375
32.09294891357422
32.166751861572266
32.21554946899414
31.90920066833496
31.880199432373047
31.907150268554688
31.919599533081055
31.970300674438477
31.867799758911133
31.87605094909668
31.661699295043945
31.700199127197266
31.681150436401367
31.73419952392578
31.775400161743164
31.46685028076172
31.38089942932129
31.388900756835938
31.409400939941406
31.448549270629883
31.304349899291992
30.880399703979492
30.865150451660156
30.851449966430664
30.881250381469727
30.90220069885254
31.161649703979492
30.703149795532227
30.404850006103516
30.381450653076172
30.394250869750977
30.503999710083008
30.467300415039062
30.179149627685547
30.024700164794922
30.00885009765625
30.03070068359375
30.07550048828125
30.12944984436035
29.898700714111328
29.786449432373047
29.753150939941406
29.742000579833984
29.890649795532227
29.83989906311035
29.89805030822754
29.934499740600586
29.80994987487793
29.69580078125
29.6825008392334
29.61924934387207
29.628549575805664
29.681499481201172
29.39780044555664
29.417499542236328
29.443050384521484
29.510549545288086
29.579349517822266
29.631500244140625
29.37980079650879
29.293100357055664
29.293100357055664
29.44955062866211
29.503299713134766
29.51984977722168
29.210100173950195
29.214799880981445
29.217750549316406
29.33209991455078
29.382299423217773
29.388750076293945
29.07469940185547
29.294450759887695
29.31920051574707
29.337249755859375
29.40704917907715
29.485549926757812
29.187599182128906
29.116300582885742
29.18815040588379
29.02680015563965
29.242450714111328
29.31584930419922
29.23175048828125
29.018800735473633
29.055299758911133
29.07539939880371
29.15304946899414
29.25135040283203
29.322349548339844
29.05150032043457
29.09440040588379
29.122549057006836
29.228750228881836
29.255399703979492
29.255399703979492
29.43695068359375
29.164649963378906
29.24959945678711
29.3169002532959
29.457550048828125
29.367050170898438
29.4512996673584
29.454050064086914
29.111099243164062
29.233800888061523
29.272600173950195
29.408750534057617
29.53084945678711
29.43779945373535
29.391599655151367
29.4781494140625
29.56934928894043
29.66455078125
30.056350708007812
30.014949798583984
29.55929946899414
29.938800811767578
29.983749389648438
30.05030059814453
30.133100509643555
29.949350357055664
30.076950073242188
30.020950317382812
30.129249572753906
30.214799880981445
30.334049224853516
30.34375
30.105600357055664
30.113849639892578
30.113849639892578
30.338499069213867
30.395999908447266
30.00819969177246
30.069049835205078
30.10045051574707
30.165149688720703
30.231449127197266
30.26995086669922
29.720849990844727
29.694599151611328
29.73310089111328
29.78499984741211
29.843849182128906
29.747249603271484
29.467449188232422
29.462499618530273
29.443649291992188
29.475950241088867
29.522350311279297
29.422449111938477
29.033849716186523
29.039749145507812
29.029150009155273
29.28219985961914
29.389549255371094
29.440200805664062
29.248899459838867
28.9419002532959
28.973350524902344
28.98110008239746
29.076900482177734
29.1164493560791
29.013099670410156
29.013099670410156
28.737749099731445
28.771549224853516
28.862350463867188
29.044649124145508
29.001949310302734
29.006549835205078
28.793249130249023
28.88010025024414
28.958099365234375
29.05229949951172
29.170249938964844
29.3794002532959
28.990400314331055
29.06800079345703
29.16360092163086
29.259750366210938
29.30714988708496
29.414600372314453
29.189950942993164
29.33234977722168
29.3927001953125
29.540700912475586
29.62809944152832
29.96419906616211
29.47224998474121
29.606199264526367
29.67205047607422
29.81545066833496
29.897050857543945
29.725000381469727
29.738449096679688
30.05204963684082
30.05204963684082
30.247350692749023
30.352699279785156
30.078500747680664
30.11750030517578
30.160200119018555
30.3174991607666
30.392099380493164
30.414649963378906
29.98819923400879
30.06814956665039
30.125850677490234
30.201950073242188
30.28849983215332
30.056650161743164
29.987199783325195
30.27375030517578
30.058300018310547
30.128950119018555
30.46095085144043
30.199199676513672
30.1476993560791
30.199350357055664
30.228300094604492
30.302650451660156
30.114450454711914
29.885499954223633
29.903400421142578
29.904050827026367
29.96780014038086
29.65435028076172
29.553600311279297
29.32525062561035
29.32525062561035
29.576650619506836
29.419750213623047
29.06760025024414
28.964000701904297
28.87619972229004
28.960750579833984
29.027299880981445
28.913249969482422
28.786300659179688
28.815500259399414
28.856399536132812
28.68939971923828
28.728900909423828
28.443649291992188
28.676349639892578
28.685400009155273
28.748050689697266
28.886199951171875
28.728700637817383
28.65144920349121
28.797199249267578
28.703500747680664
28.809850692749023
28.912399291992188
28.76824951171875
28.627050399780273
28.895299911499023
28.961599349975586
29.221450805664062
29.334749221801758
29.432100296020508
29.210599899291992
29.37565040588379
29.224050521850586
29.224050521850586
29.731000900268555
29.82925033569336
29.59939956665039
29.72920036315918
29.863100051879883
29.967649459838867
30.074649810791016
30.18345069885254
29.62179946899414
30.06679916381836
30.015100479125977
30.26020050048828
30.37165069580078
30.480850219726562
30.167200088500977
30.35700035095215
30.496999740600586
30.600099563598633
30.76289939880371
30.636199951171875
30.63159942626953
30.82200050354004
30.870899200439453
30.965200424194336
31.08245086669922
30.917299270629883
30.79319953918457
30.93090057373047
30.97719955444336
31.05769920349121
31.15545082092285
30.893600463867188
30.84855079650879
31.237449645996094
31.237449645996094
31.307050704956055
31.222900390625
30.995250701904297
31.21845054626465
31.318599700927734
31.273500442504883
31.19325065612793
31.044349670410156
31.301349639892578
31.18885040283203
31.285400390625
31.668750762939453
31.549400329589844
31.192150115966797
31.480199813842773
31.54330062866211
31.646400451660156
31.6695499420166
31.327600479125977
31.39539909362793
31.42460060119629
31.405750274658203
31.543350219726562
31.554950714111328
31.20709991455078
31.26569938659668
31.281700134277344
31.358299255371094
31.425100326538086
31.13105010986328
31.033750534057617
31.022899627685547
30.95224952697754
30.95224952697754
30.84885025024414
31.199600219726562
30.890249252319336
30.88585090637207
30.89715003967285
30.654800415039062
30.991750717163086
31.056049346923828
30.713300704956055
30.787799835205078
30.78314971923828
30.877450942993164
30.93269920349121
30.958850860595703
30.689800262451172
30.647249221801758
30.684249877929688
30.713199615478516
30.810749053955078
30.851049423217773
30.72854995727539
30.556949615478516
30.611000061035156
30.657249450683594
30.73240089416504
30.819250106811523
30.63909912109375
30.507999420166016
30.574649810791016
30.59524917602539
30.69944953918457
30.820249557495117
30.587299346923828
30.35395050048828
30.25979995727539
30.3075008392334
30.489700317382812
30.46245002746582
30.524850845336914
30.22784996032715
30.302200317382812
30.438100814819336
30.399499893188477
30.502849578857422
30.46405029296875
30.222150802612305
30.26824951171875
30.482900619506836
30.548099517822266
30.6343994140625
30.26905059814453
30.409000396728516
30.284650802612305
30.312000274658203
30.363399505615234
30.405099868774414
30.42474937438965
30.03204917907715
30.04574966430664
30.022499084472656
30.26219940185547
30.099449157714844
30.362199783325195
29.959699630737305
29.72319984436035
29.945600509643555
29.991249084472656
29.775650024414062
29.667400360107422
29.623050689697266
29.603849411010742
29.642850875854492
29.687049865722656
29.59469985961914
29.289100646972656
29.289949417114258
29.283349990844727
29.325450897216797
29.367300033569336
29.27574920654297
28.685649871826172
28.920949935913086
28.638500213623047
28.680400848388672
28.719449996948242
28.7851505279541
28.347349166870117
28.5533504486084
28.300500869750977
28.336299896240234
28.38789939880371
28.47960090637207
28.084699630737305
28.03339958190918
28.014450073242188
28.049699783325195
28.112350463867188
28.205949783325195
28.182750701904297
28.182750701904297
27.820749282836914
27.805950164794922
27.890300750732422
27.985849380493164
27.97985076904297
27.655750274658203
27.684600830078125
27.655399322509766
27.705949783325195
27.78314971923828
27.851900100708008
27.86495018005371
27.75040054321289
27.741350173950195
27.765350341796875
27.779449462890625
27.85325050354004
27.928600311279297
28.01034927368164
27.640249252319336
27.57830047607422
27.60810089111328
27.643299102783203
27.759899139404297
27.841350555419922
27.57670021057129
27.455650329589844
27.48525047302246
27.500999450683594
27.584299087524414
27.70009994506836
27.765499114990234
27.372600555419922
27.390899658203125
27.403900146484375
27.389549255371094
27.567550659179688
27.660850524902344
27.1205997467041
27.178199768066406
27.229799270629883
27.284549713134766
27.37005043029785
27.46014976501465
27.26474952697754
27.132150650024414
27.16939926147461
27.193899154663086
27.319299697875977
27.4510498046875
27.328100204467773
27.007299423217773
27.035600662231445
27.038799285888672
27.149599075317383
27.277999877929688
27.187950134277344
26.863950729370117
26.892799377441406
26.922849655151367
27.002099990844727
27.130449295043945
27.17664909362793
26.757999420166016
26.77145004272461
26.780149459838867
26.794950485229492
26.901399612426758
26.984800338745117
26.859899520874023
26.571500778198242
26.819900512695312
26.71980094909668
26.699499130249023
27.04840087890625
27.088050842285156
26.76205062866211
26.71929931640625
26.627199172973633
26.846799850463867
26.934600830078125
27.024799346923828
27.084400177001953
26.41320037841797
26.696550369262695
26.74139976501465
26.86134910583496
26.952600479125977
27.083049774169922
26.564149856567383
26.697250366210938
26.545799255371094
26.603649139404297
26.771799087524414
26.876649856567383
26.662500381469727
26.52560043334961
26.566600799560547
26.6427001953125
26.735349655151367
26.866249084472656
26.48094940185547
26.12725067138672
26.224000930786133
26.242849349975586
26.366100311279297
26.366100311279297
26.71030044555664
26.19569969177246
26.157150268554688
26.149150848388672
26.230449676513672
26.309850692749023
26.37445068359375
26.024099349975586
26.087949752807617
25.94339942932129
26.016550064086914
26.161399841308594
26.260400772094727
25.905250549316406
25.6875
25.712099075317383
25.73349952697754
25.816499710083008
25.969350814819336
25.71339988708496
25.571550369262695
25.63360023498535
25.9377498626709
26.042449951171875
26.158449172973633
26.124849319458008
25.876949310302734
25.954849243164062
26.016450881958008
26.283550262451172
26.49180030822754
26.28784942626953
26.34054946899414
26.41404914855957
26.41404914855957
26.814199447631836
26.927200317382812
26.6737003326416
26.711000442504883
26.879150390625
27.006399154663086
26.884700775146484
27.025049209594727
26.90774917602539
26.87394905090332
27.01110076904297
27.156600952148438
27.300100326538086
27.45359992980957
27.450950622558594
27.549949645996094
27.669599533081055
27.82699966430664
27.9552001953125
27.89794921875
28.122499465942383
27.99424934387207
28.074249267578125
28.205350875854492
28.30780029296875
28.4825496673584
28.703750610351562
28.457399368286133
28.602100372314453
28.5674991607666
28.753599166870117
28.93684959411621
29.042999267578125
28.872299194335938
28.55175018310547
28.55175018310547
29.25054931640625
29.37904930114746
29.460250854492188
29.028600692749023
29.06599998474121
29.23834991455078
29.391450881958008
29.520050048828125
29.350749969482422
29.39405059814453
29.503650665283203
29.565349578857422
29.734350204467773
29.964399337768555
29.545000076293945
29.6018009185791
29.75054931640625
29.68804931640625
29.940650939941406
30.010250091552734
29.795900344848633
29.92514991760254
29.97784996032715
30.12554931640625
30.226699829101562
29.983150482177734
30.01460075378418
29.870899200439453
30.22665023803711
30.335500717163086
30.396949768066406
30.073650360107422
30.196800231933594
30.295249938964844
30.350500106811523
30.502750396728516
30.380800247192383
30.263399124145508
30.427650451660156
30.50029945373535
30.599849700927734
30.485000610351562
30.4737491607666
30.526399612426758
30.329099655151367
30.729799270629883
30.702199935913086
30.718050003051758
30.439149856567383
30.697500228881836
30.58264923095703
30.71565055847168
30.769550323486328
30.642549514770508
30.636899948120117
30.560850143432617
30.754899978637695
30.945650100708008
30.815149307250977
30.674299240112305
30.79425048828125
30.59670066833496
30.94809913635254
31.030000686645508
30.70414924621582
30.765350341796875
30.8341007232666
30.937299728393555
31.07699966430664
30.942350387573242
30.942350387573242
30.921199798583984
30.977149963378906
31.073200225830078
31.201549530029297
31.079200744628906
30.739099502563477
30.743249893188477
30.918149948120117
30.953399658203125
31.151050567626953
31.070999145507812
30.82444953918457
30.96299934387207
31.030550003051758
31.267799377441406
31.341650009155273
31.07670021057129
31.134199142456055
31.22985076904297
31.34185028076172
31.433549880981445
31.775800704956055
31.46540069580078
31.54669952392578
31.654449462890625
31.697599411010742
31.834999084472656
31.926950454711914
31.74774932861328
31.64604949951172
31.74679946899414
0.033272650092840195
0.033343199640512466
0.033024199306964874
0.03307870030403137
0.03320860117673874
0.03318314999341965
0.03322175145149231
0.033268898725509644
0.0332891009747982
0.03320055082440376
0.03301849961280823
0.03301849961280823
0.03336454927921295
0.03340189903974533
0.033438749611377716
0.03311555087566376
0.033179450780153275
0.03320100158452988
0.0332503505051136
0.03329874947667122
0.033175498247146606
0.03299190104007721
0.033033598214387894
0.03304135054349899
0.03309420123696327
0.03317070007324219
0.03320784866809845
0.0329008512198925
0.03287684917449951
0.03288659825921059
0.03293504938483238
0.032975900918245316
0.03283185139298439
0.03259054943919182
0.03260064870119095
0.03252759948372841
0.03235520049929619
0.032014399766922
0.03167939931154251
0.031390249729156494
0.03126540035009384
0.031177949160337448
0.031169800087809563
0.031131049618124962
0.031106000766158104
0.031106000766158104
0.030870400369167328
0.030963299795985222
0.030982300639152527
0.031080549582839012
0.030835099518299103
0.030595699325203896
0.030720500275492668
0.030711699277162552
0.030774550512433052
0.03075985051691532
0.03035305067896843
0.030368950217962265
0.03038479946553707
0.030431749299168587
0.03049599938094616
0.030206849798560143
0.03009689971804619
0.03010985068976879
0.030124949291348457
0.030001550912857056
0.029811350628733635
0.029850950464606285
0.029875149950385094
0.029926050454378128
0.029841499403119087
0.029810000211000443
0.029651250690221786
0.029695749282836914
0.02971635013818741
0.029808450490236282
0.029930049553513527
0.029725849628448486
0.02964330092072487
0.02964330092072487
0.029831400141119957
0.02992675080895424
0.03005555085837841
0.029810549691319466
0.02982424944639206
0.029947100207209587
0.030087299644947052
0.030183950439095497
0.030316349118947983
0.030096299946308136
0.03020229935646057
0.030311400070786476
0.030421100556850433
0.0305673498660326
0.030640600249171257
0.03042284958064556
0.030575299635529518
0.030640549957752228
0.03073669970035553
0.030889099463820457
0.030965249985456467
0.03079015016555786
0.03089660033583641
0.030988749116659164
0.03078480064868927
0.03105049952864647
0.031146200373768806
0.03099695034325123
0.03108935058116913
0.03116294927895069
0.03128049895167351
0.03141225129365921
0.031597450375556946
0.031597450375556946
0.03139590099453926
0.0315713994204998
0.031521350145339966
0.03167935088276863
0.03178555145859718
0.03155525028705597
0.03166314959526062
0.03171924874186516
0.03173239901661873
0.031864650547504425
0.032036349177360535
0.03177979961037636
0.031779851764440536
0.03185804933309555
0.0319352000951767
0.03200704976916313
0.03209714964032173
0.03192960098385811
0.03184334933757782
0.031940948218107224
0.032016851007938385
0.03207854926586151
0.03215495124459267
0.03186655044555664
0.03191455081105232
0.03196034952998161
0.032044701278209686
0.032081350684165955
0.1047729030251503
0.10477679967880249
0.10477464646100998
0.10477595031261444
0.10477510094642639
0.10477250069379807
0.10477239638566971
0.10477305203676224
0.10477089881896973
0.10476980358362198
0.10477109998464584
0.10476890206336975
0.10477344691753387
0.10477135330438614
0.10477224737405777
0.10477244853973389
0.10477379709482193
0.1047729030251503
0.10477069765329361
0.10477390140295029
0.1047714501619339
0.10477174818515778
0.10477364808320999
0.10477480292320251
0.10477100312709808
0.10477609932422638
0.1047765463590622
0.10477384924888611
0.10477469861507416
0.10477320104837418
0.10477215051651001
0.10477495193481445
0.10477259755134583
0.10477220267057419
0.1047741025686264
0.10477370023727417
0.10477384924888611
0.10477534681558609
0.10477499663829803
0.10477705299854279
0.10477349907159805
0.10477270185947418
0.10477174818515778
0.10477239638566971
0.10477239638566971
0.10477534681558609
0.10477395355701447
0.10477185249328613
0.10477229952812195
0.10477779805660248
0.10477635264396667
0.10477174818515778
0.10477515310049057
0.1047714501619339
0.1047729030251503
0.1047763004899025
0.10477395355701447
0.1047746017575264
0.10477779805660248
0.10477299988269806
0.1047765463590622
0.10477370023727417
0.10477454960346222
0.1047760471701622
0.10477480292320251
0.10477314889431
0.10477499663829803
0.10477679967880249
0.1047758013010025
0.10477405041456223
0.10477464646100998
0.10477620363235474
0.10477825254201889
0.10477519780397415
0.10477665066719055
0.10477239638566971
0.10477239638566971
0.10477665066719055
0.10477770119905472
0.10478069633245468
0.10477414727210999
0.10477515310049057
0.10477550327777863
0.10477620363235474
0.10477674752473831
0.10477185249328613
0.10477320104837418
0.10477244853973389
1047819
1047825
1047801.5
1047775.5
1047788
1047777
1047791
1047788.5
1047786.5
1047789
1047809.5
1047775
1047792
1047800.5
1047782.5
1047783.5
1047780
1047754.5
1047781.5
1047804
1047819
1047799.5
1047796.5
1047780.5
1047785
1047801
1047801
1047779.5
1047809
1047828.5
1047784.5
1047820.5
1047823.5
1047795
1047814
1047798
1047795.5
1047798.5
1047812.5
1047797.5
1047823
1047818
1047797.5
1047789
1047788.5
1047807.5
1047778
1047786.5
1047791
1047785.5
1047811
1047777
1047771
1047739.5
1047766
1047785.5
1047763
1047774.5
1047795.5
1047783.5
1047769.5
1047769.5
1047801.5
1047785.5
1047793.5
1047814.5
1047767.5
1047793.5
1047811.5
1047806
1047758
1047766
1047758.5
1047769.5
1047782.5
1047801.5
1047811.5
1047799
1047814
1047788
1047832
1047817
1047776
1047795
1047801.5
1047806
1047805.5
1047792.5
1047794
1047794
1047807.5
1047791
1047793.5
1047779.5
1047798.5
1047774
1047765.5
1047802.5
1047764.5
1047780.5
1047739
1047790
1047781.5
1047780
1047785
1047786.5
1047786.5
1047797
1047748
1047850.5
1047772
1047812
1047818
1047790.5
1047767.5
1047770.5
1047790
1047783.5
1047780.5
1047756
1047777.5
1047773.5
1047756.5
1047784
1047765.5
1047760.5
1047784.5
1047764
1047777.5
1047777.5
1047821
1047772
1047797
1047766
1047777.5
1047785.5
1047765.5
1047785
1047751.5
1047803.5
1047806
1047782.5
1047800.5
1047785
1047837.5
1047839
1047845.5
1047857
1047808
1047819.5
1047824.5
1047841
1047828.5
1047846
1047789.5
1047818.5
1047824.5
1047822
1047800.5
1047828.5
1047820
1047820
1047799
1047775.5
1047781.5
1047781.5
1047779.5
1047766
1047773.5
1047783
1047775
1047758
1047797
1047759
1047802
1047751
1047773
1047750
1047774.5
1047754
1047790.5
1047765.5
1047781
1047775.5
1047784
1047775.5
1047810.5
1047813.5
1047773
1047782.5
1047771.5
1047797
1047773.5
1047786.5
1047790.5
1047786.5
1047791
1047795
1047795
1047782.5
1047765
1047783
1047790
1047794.5
1047791.5
1047790.5
1047760
1047786
1047777
1047751
1047768.5
1047799.5
1047791.5
1047773
1047771.5
1047769.5
1047789.5
1047781
1047769
1047772.5
1047791
1047787
1047795.5
1047781.5
1047790.5
1047813.5
1047789
1047781
1047814
1047782
1047802.5
1047802.5
1047802.5
1047820
1047783
1047764
1047797.5
1047785
1047797
1047787
1047826
1047787
1047781.5
1047776.5
1047784.5
1047810
1047809.5
1047782.5
1047805.5
1047785.5
1047808.5
1047835
1047801
1047821
1047775.5
1047791
1047782.5
1047757
1047785
1047778
1047794
1047814
1047790
1047786
1047777
1047791.5
1047791.5
1047795
1047823
1047811.5
1047805.5
1047805.5
1047799.5
1047804
1047790.5
1047786
1047791.5
1047833
1047818.5
1047790.5
1047768.5
1047759.5
1047833
1047823.5
1047790
1047788
1047802.5
1047808.5
1047810.5
1047800
1047803.5
1047805
1047791
1047835
1047797
1047856.5
1047827
1047823.5
1047808.5
1047814.5
1047840.5
1047794.5
1047810.5
1047810.5
1047799
1047816.5
1047828.5
1047812.5
1047791
1047801.5
1047816
1047798.5
1047780
1047807.5
1047763
1047763
1047771
1047802.5
1047839.5
1047795.5
1047820.5
1047802
1047824
1047823.5
1047813.5
1047798.5
1047793
1047769
1047770.5
1047802.5
1047799.5
1047817
1047820
1047796.5
1047796.5
1047822.5
1047826.5
1047847.5
1047784
1047826.5
1047833
1047851.5
1047826.5
1047826.5
1047834.5
1047759
1047807
1047815.5
1047831.5
1047818.5
1047798
1047827.5
1047821
1047797.5
1047814.5
1047831
1047840
1047799.5
1047811
1047801.5
1047800
1047823.5
1047859
1047798
1047799
1047825
1047837
1047822
474062.5
475142
479103.5
473963.5
474409.5
476508
480276
482867.5
477293.5
480665
480062
484636.5
485485.5
486214
480118
483048
482884
487480.5
490807.5
488325
481789.5
482879
483649.5
487243
489114
490068.5
482924
483265
483764.5
485287.5
489141.5
491395.5
489648
482611
484133
486345
489644.5
488545.5
482242
482651
483996
485500.5
489264
485252
480591.5
485096.5
485943.5
487920
491650
488736
484871.5
487113
485968
487583
490092
493722
487880
486051.5
487515.5
489739
494915
498764
494667
493726
495639.5
495641
499374
502070
496149.5
498291
498108.5
501462.5
505463.5
508752
502965.5
503857
506899
508969
512651
514860.5
509130
511442.5
513831
516241
518543.5
520600
514938.5
517485.5
519552
522975
525288
520419.5
521680
523696
525717.5
528913.5
525831
523270.5
524341
525122
528190.5
528190.5
525414
524874.5
526239
525919
527915
529526.5
530393.5
523564
525705
526219.5
528603
530437
522707
524379
527150.5
529346.5
531043.5
522061.5
522827.5
522711
524582.5
526311
523136
516084
516765
516292
517648
519036
510827
508685
507360.5
506777
508016.5
509303.5
508659
500516
499024
499309.5
499932
502160.5
503309
495629.5
493179
494071.5
495635
498377.5
497999.5
492068.5
493142
493432.5
494962
498143.5
499268
491502
489894.5
491641
494086
496339
495557
489677.5
490207
491538.5
494682
496989
494015.5
489161
488337
488337
492630
496637
488766.5
488983.5
489898.5
492425
495710.5
489470.5
490294.5
491042
493469
495886.5
492150.5
488670.5
493155
494576
498013.5
492106.5
486968.5
490763.5
491492
494433.5
496963.5
489004.5
490344.5
491460.5
491083.5
494040.5
493535.5
489083
491725.5
493206
497721.5
501595.5
501595.5
498564
500570.5
503134
507894.5
510062.5
506882
506749.5
510645.5
514883
518058.5
520490.5
516103.5
522509
522385.5
526684
529469
527127
527367.5
0.05542600154876709
0.0560683012008667
0.0560683012008667
0.055720750242471695
0.056046199053525925
0.05649159848690033
0.05695290118455887
0.05661109834909439
0.05681635066866875
0.05715389922261238
0.05744380131363869
0.05788230150938034
0.05815669894218445
0.057701051235198975
0.0578962005674839
0.05824974924325943
0.05863254889845848
0.05903619900345802
0.058899398893117905
0.058798350393772125
0.05909695103764534
0.059382498264312744
0.0599328987300396
0.05989909917116165
0.060169100761413574
0.059705950319767
0.06006789952516556
0.060336701571941376
0.06073274835944176
0.060967400670051575
0.06108250096440315
0.060564249753952026
0.06073230132460594
0.061055101454257965
0.06123935058712959
0.06163100153207779
0.06190609931945801
0.06134764850139618
0.06169775128364563
0.06195314973592758
0.062523752450943
0.062484998255968094
0.06191910058259964
0.062053099274635315
0.06229420006275177
0.06246475130319595
0.06276190280914307
0.0629206970334053
0.06254579871892929
0.06284280121326447
0.06300334632396698
0.06318909674882889
0.06343375146389008
0.06286130100488663
0.06289389729499817
0.06308445334434509
0.06310664862394333
0.06340649724006653
0.0636219009757042
0.06294874846935272
0.06275519728660583
0.06285154819488525
0.0629722997546196
0.06330519914627075
0.06322939693927765
0.06256330013275146
0.0625496506690979
0.0625496506690979
0.06271044909954071
0.06267485022544861
0.06227999925613403
0.06179545074701309
0.06173209846019745
0.06179704889655113
0.061718348413705826
0.061770249158144
0.06178634986281395
0.06079129874706268
0.06073505058884621
0.060637250542640686
0.06069514900445938
0.060770101845264435
0.06007545068860054
0.059564150869846344
0.059512101113796234
0.05950335040688515
0.059569649398326874
0.05966724827885628
0.05917439982295036
0.058473050594329834
0.058473650366067886
0.05854159966111183
0.058488499373197556
0.05864034965634346
0.0586138516664505
0.057564400136470795
0.05753270164132118
0.031206199899315834
0.031153250485658646
0.03126949816942215
0.031377799808979034
0.03127859905362129
0.03075925074517727
0.03079185076057911
0.03076010011136532
0.031013449653983116
0.031000899150967598
0.030774449929594994
0.030382199212908745
0.030435800552368164
0.030441999435424805
0.03061000071465969
0.03074049949645996
0.0302691999822855
0.030094899237155914
0.030130349099636078
0.030199900269508362
0.030383599922060966
0.030511900782585144
0.029912849888205528
0.02984745055437088
0.029898300766944885
0.02996090054512024
0.030150000005960464
0.03032965026795864
0.029836200177669525
0.029721150174736977
0.029753200709819794
0.029833799228072166
0.030023349449038506
0.030104750767350197
0.029628850519657135
0.02964860014617443
0.02965804934501648
0.02979234978556633
0.0300075002014637
0.030117100104689598
