0.08414050191640854
0.08412154763936996
0.0841073989868164
0.084078848361969
0.0840473473072052
0.08453120291233063
0.0839933529496193
0.08397120237350464
0.08393164724111557
0.08390779793262482
0.08388224989175797
0.08474825322628021
0.0847378522157669
0.08472444862127304
0.08370079845190048
0.0846949964761734
0.08468010276556015
0.08466675132513046
0.0846533477306366
0.08463270217180252
0.08461949974298477
0.0846095010638237
0.08459100127220154
0.08457580208778381
0.08456604927778244
0.08454585075378418
0.08453544974327087
0.08290895074605942
0.082321397960186
0.08303094655275345
0.08183269947767258
0.08430465310811996
0.08261939883232117
0.08239155262708664
0.0842292532324791
0.08421765267848969
0.08481034636497498
0.0840018019080162
0.08398140221834183
0.08484724909067154
0.08484195172786713
0.08241839706897736
0.08482354879379272
0.0848180502653122
0.0824284479022026
0.08243075013160706
0.08478330075740814
0.0847761482000351
0.08243239670991898
0.08243049681186676
0.08244679868221283
0.08243554830551147
0.08472885191440582
0.08246219903230667
0.08297035098075867
0.08250310271978378
0.08252975344657898
0.0825456976890564
0.08181045204401016
0.0826449990272522
0.08181650191545486
0.08277039974927902
0.08282899856567383
0.08180779963731766
0.08181740343570709
0.08304064720869064
0.08310014754533768
0.082755446434021
0.0826769471168518
0.08263655006885529
0.08256209641695023
0.08250399678945541
0.08247435092926025
0.08242925256490707
0.08242615312337875
0.08416049927473068
0.08413314819335938
0.08487054705619812
0.08407840132713318
0.08405505120754242
0.08485309779644012
0.08398005366325378
0.08393924683332443
0.08389169722795486
0.08479335159063339
0.08477955311536789
0.08476559817790985
0.08475154638290405
0.08473359793424606
0.08245310187339783
0.0824820026755333
0.08251459896564484
0.08256679773330688
0.08261094987392426
0.08192209899425507
0.08272085338830948
0.08281935006380081
0.08284380286931992
0.0844516009092331
0.08443550020456314
0.08442024886608124
0.08440825343132019
0.08437714725732803
0.08436240255832672
0.08434329926967621
0.08431854844093323
0.08429715037345886
0.08427959680557251
0.0842588022351265
0.08423645049333572
0.08421660214662552
0.08419165015220642
0.08417709916830063
0.08415854722261429
0.08413849771022797
0.08410715311765671
0.08410090208053589
0.08408059924840927
0.08405614644289017
0.08402364701032639
0.08466175198554993
0.08398699760437012
0.08396189659833908
0.08394025266170502
0.08246265351772308
0.083890900015831
0.08387415111064911
0.08385080099105835
0.08381970226764679
0.08379864692687988
0.08377130329608917
0.08374450355768204
0.08436574786901474
0.08475054800510406
0.08473650366067886
0.08473014831542969
0.08471930027008057
0.08470670133829117
0.08469705283641815
0.08254124969244003
0.08467735350131989
0.08466815203428268
0.08466129750013351
0.08464854955673218
0.08463609963655472
0.08462385088205338
0.08460734784603119
0.08202285319566727
0.08444155007600784
0.08443175256252289
0.08439960330724716
0.08438339829444885
0.08436539769172668
0.08434055000543594
0.08431710302829742
0.08430270105600357
0.08427734673023224
0.0842558965086937
0.08423160016536713
0.08420710265636444
0.08418705314397812
0.08480899780988693
0.08485239744186401
0.0848679468035698
0.08227795362472534
0.08230029791593552
0.08232615143060684
0.08236479759216309
0.08238185197114944
0.08239270001649857
0.08240175247192383
0.08241584897041321
0.0824226513504982
0.0824163481593132
0.08365309983491898
0.08362690359354019
0.08360590040683746
0.08358170092105865
0.08355940133333206
0.08249779790639877
0.08352819830179214
0.08350864797830582
0.0834847018122673
0.08347170054912567
0.08346185088157654
0.08465830236673355
0.0846511498093605
0.08465079963207245
0.08464384824037552
0.08483409881591797
0.0846393033862114
0.08463705331087112
0.08463554829359055
0.08463554829359055
0.08462929725646973
0.08463229984045029
0.08258389681577682
0.08182229846715927
0.08260694891214371
0.08180899918079376
0.08182845264673233
0.08181080222129822
0.0818062499165535
0.08181820064783096
0.08180055022239685
0.08180425316095352
0.08273334801197052
0.0818120464682579
0.08276305347681046
0.08277355134487152
0.08278760313987732
0.08375435322523117
0.08240529894828796
0.08240360021591187
0.08239880204200745
0.08239509910345078
0.08485165238380432
0.08238965272903442
0.08238054811954498
0.08238919824361801
0.08485669642686844
0.08485379815101624
0.08237115293741226
0.0823664516210556
0.08237110078334808
0.08212944865226746
0.08213304728269577
0.08213599771261215
0.08237279951572418
0.08212944865226746
0.08212409913539886
0.08213719725608826
0.08212409913539886
0.08212719857692719
0.08211924880743027
0.08374229818582535
0.08209619671106339
0.08371865004301071
0.0837104469537735
0.08474314957857132
0.08244264870882034
0.0824493020772934
0.08246245235204697
0.0824570506811142
0.0824585035443306
0.08336079865694046
0.08246874809265137
0.08246944844722748
0.08247405290603638
0.08248600363731384
0.08250419795513153
0.08249399811029434
0.08252020180225372
0.08253374695777893
0.08254584670066833
0.08257684856653214
0.08318740129470825
0.08185575157403946
0.08185455203056335
0.08185289800167084
0.08240050077438354
0.0823948010802269
0.08237960189580917
0.08236575126647949
0.08235874772071838
0.08232840150594711
0.08231434971094131
0.0822940468788147
0.08404380083084106
0.08403345197439194
0.08400680124759674
0.08398009836673737
0.08396565169095993
0.05908054858446121
0.05918614938855171
0.05929360166192055
0.062277551740407944
0.05952829867601395
0.06237174943089485
0.06241545081138611
0.06245635077357292
0.06248470023274422
0.05999955162405968
0.06009360030293465
0.06258565187454224
0.05926600098609924
0.05910009890794754
0.059022750705480576
0.058928150683641434
0.05883749946951866
0.06273800134658813
0.0627712532877922
0.06279885023832321
0.05854009836912155
0.06286010146141052
0.058523450046777725
0.06292010098695755
0.06293954700231552
0.05773929879069328
0.05779464915394783
0.05788540095090866
0.05737709999084473
0.05798120051622391
0.06113335117697716
0.061181001365184784
0.058101098984479904
0.06132369861006737
0.061387799680233
0.05824059993028641
0.06272044777870178
0.06156174838542938
0.05830420181155205
0.058233849704265594
0.05810214951634407
0.05804000049829483
0.05795539915561676
0.0626414492726326
0.0624893493950367
0.057666901499032974
0.06202574819326401
0.057562798261642456
0.05752529948949814
0.057499248534440994
0.06190415099263191
0.06194179877638817
0.06198504939675331
0.06203949823975563
0.06209145113825798
0.062144551426172256
0.06218335032463074
0.062234051525592804
0.06229279935359955
0.06232504919171333
0.06237255036830902
0.0624205507338047
0.06244555115699768
0.06247270107269287
0.06251340359449387
0.06254754960536957
0.06257759779691696
0.0625988021492958
0.06262385100126266
0.06265220046043396
0.06267540156841278
0.06270065158605576
0.06273029744625092
0.06276190280914307
0.0627860501408577
0.06280554831027985
0.06282240152359009
0.05850829929113388
0.05850344896316528
0.058515600860118866
0.057653751224279404
0.058545149862766266
0.057721350342035294
0.05774879828095436
0.05862269923090935
0.057857900857925415
0.05788860097527504
0.058585699647665024
0.05795050039887428
0.05800734832882881
0.0580456517636776
0.05843834951519966
0.06121329963207245
0.061253901571035385
0.06131855025887489
0.06135660037398338
0.06040114909410477
0.06145830079913139
0.06151464954018593
0.061552949249744415
0.06161189824342728
0.06309854984283447
0.0630899965763092
0.0617142990231514
0.06302980333566666
0.06292104721069336
0.0618417002260685
0.06265369802713394
0.06246684864163399
0.062300749123096466
0.05766984820365906
0.05836379900574684
0.06298594921827316
0.06136360019445419
0.061406251043081284
0.06147190183401108
0.06305765360593796
0.0615929514169693
0.06163850054144859
0.06170950084924698
0.06174654886126518
0.06178389862179756
0.06184469908475876
0.06188280135393143
0.061938848346471786
0.06198114901781082
0.06203304976224899
0.0620870515704155
0.062118250876665115
0.0591542012989521
0.062216099351644516
0.05824099853634834
0.0622764490544796
0.06231750175356865
0.062346749007701874
0.06237350031733513
0.062412600964307785
0.062444400042295456
0.062467701733112335
0.06250154972076416
0.06253690272569656
0.06255359947681427
0.062574103474617
0.06260085105895996
0.06262210011482239
0.06264449656009674
0.06266400218009949
0.058892350643873215
0.058809101581573486
0.05745479837059975
0.062487948685884476
0.05745270103216171
0.057478249073028564
0.0575050488114357
0.057527948170900345
0.05752979964017868
0.05758025124669075
0.058291349560022354
0.05768189951777458
0.057746950536966324
0.057797349989414215
0.057880450040102005
0.06094915047287941
0.05823890119791031
0.06273304671049118
0.06276190280914307
0.06279820203781128
0.06281594932079315
0.06284040212631226
0.06287310272455215
0.06289675086736679
0.06290680170059204
0.06293019652366638
0.06295540183782578
0.06297344714403152
0.06298469752073288
0.06300099939107895
0.0630168467760086
0.0630389004945755
0.06306009739637375
0.06306924670934677
0.0630960464477539
0.06310334801673889
0.06304969638586044
0.06296420097351074
0.06282159686088562
0.06269574910402298
0.06250590085983276
0.06224985048174858
0.062064651399850845
0.06181339919567108
0.058471448719501495
0.058486148715019226
0.05853220075368881
0.06186765059828758
0.05836379900574684
0.06195494905114174
0.0620000995695591
0.0620420016348362
0.06207109987735748
0.06210559979081154
0.06215605139732361
0.06219565123319626
0.062232598662376404
0.05743585154414177
0.05743265151977539
0.05740945041179657
0.05739219859242439
0.05736760050058365
0.05737999826669693
0.05737835168838501
0.057388801127672195
0.06305904686450958
0.05831630155444145
0.05833515152335167
0.061660200357437134
0.05842139944434166
0.058479148894548416
0.058541201055049896
0.0618475005030632
0.058631349354982376
0.05868789926171303
0.0587567500770092
0.05884705111384392
0.05892379954457283
0.05900055170059204
0.06213809922337532
0.06216900050640106
0.06221869960427284
0.05934964865446091
0.062295399606227875
0.06232199817895889
0.06234804913401604
0.06238555163145065
0.06242474913597107
0.062455449253320694
0.06249719858169556
0.06252705305814743
0.06255854666233063
0.06259319931268692
0.06263484805822372
0.05902095139026642
0.05893170088529587
0.05882380157709122
0.05876674875617027
0.05867164954543114
0.058605749160051346
0.057364750653505325
0.058564700186252594
0.0585472509264946
0.05852985009551048
0.05857425183057785
0.05854739993810654
0.05855175107717514
0.0585268996655941
0.05849985033273697
0.058483101427555084
0.058411650359630585
0.05834855139255524
0.06177825108170509
0.06178560107946396
0.061826251447200775
0.06272970139980316
0.06266074627637863
0.05783345177769661
0.0578143484890461
0.05775174871087074
0.057720448821783066
0.05769500136375427
0.061650101095438004
0.061686400324106216
0.05839585140347481
0.058418549597263336
0.0584212988615036
0.058011848479509354
0.05821404978632927
0.05826510116457939
0.058245301246643066
0.05826655030250549
0.05827070027589798
0.05828694999217987
0.05829770117998123
0.058331798762083054
0.06162295117974281
0.061653099954128265
0.061676498502492905
0.06170250102877617
0.06172790005803108
0.05844390019774437
0.058470550924539566
0.05849260091781616
0.05853544920682907
0.0585733987390995
0.05745549872517586
0.061911799013614655
0.05867505073547363
0.06198025122284889
0.06200709939002991
0.05760829895734787
0.05780024826526642
0.05756694823503494
0.05749410018324852
0.05747215077280998
0.05743804946541786
0.05867164954543114
0.058693498373031616
0.0587940514087677
0.05740784853696823
0.05896754935383797
0.05903355032205582
0.062155600637197495
0.0591745488345623
0.05929160118103027
0.059399351477622986
0.059475649148225784
0.059578701853752136
0.06287220120429993
0.06287360191345215
0.06288135051727295
0.058539800345897675
0.058532800525426865
0.05853414908051491
0.05853259935975075
0.057663798332214355
0.058501049876213074
0.05848750099539757
0.05773640051484108
0.058494050055742264
0.05850775167346001
0.05782540142536163
0.05784454941749573
0.060862548649311066
0.05790155008435249
0.05791129916906357
0.06093375012278557
0.0579352006316185
0.060971200466156006
0.0628667026758194
0.06287640333175659
0.05848905071616173
0.05849380046129227
0.05848370119929314
0.05850119888782501
0.058494798839092255
0.0585038997232914
0.058495450764894485
0.05848374962806702
0.05782119929790497
0.057871051132678986
0.05846719816327095
0.05843820050358772
0.05796245113015175
0.05797769874334335
0.058017101138830185
0.058013249188661575
0.05803820118308067
0.05806155130267143
0.05809839814901352
0.05808639898896217
0.06291274726390839
0.058504801243543625
0.05850744992494583
0.05850829929113388
0.05848810076713562
0.05785840004682541
0.06136250123381615
0.05789320170879364
0.05847650021314621
0.05842854827642441
0.05799565091729164
0.05803240090608597
0.05836524814367294
0.05804935097694397
0.05807045102119446
0.05809535086154938
0.05810815095901489
0.05813875049352646
0.058165501803159714
0.06130630150437355
0.06133750081062317
0.06135230138897896
0.06298580020666122
0.06299664825201035
0.06300490349531174
0.061446450650691986
0.05850505083799362
0.06286884844303131
0.06287279725074768
0.06288149952888489
0.0628926008939743
0.06289924681186676
0.06290695071220398
0.06290975213050842
0.0629182979464531
0.06292665004730225
0.06293319910764694
0.06292854994535446
0.0629405528306961
0.06294555217027664
0.06294664740562439
0.06294730305671692
0.05847899988293648
0.060826901346445084
0.06281430274248123
0.06087319925427437
0.06282985210418701
0.06091830134391785
0.060927800834178925
0.05851535126566887
0.058492351323366165
0.05848444998264313
0.0584944486618042
0.06286515295505524
0.06287500262260437
0.05849530175328255
0.06288459897041321
0.05849834904074669
0.057604048401117325
0.05760674923658371
0.05848575010895729
0.05762780085206032
0.058502599596977234
0.0576884001493454
0.057723548263311386
0.0577719509601593
0.05776119977235794
0.05778374895453453
0.05782429873943329
0.05784105136990547
0.05785784870386124
0.06086694821715355
0.06090119853615761
0.06093490123748779
0.057938650250434875
0.06099170073866844
0.06102155148983002
0.06104905158281326
0.06107674911618233
0.058299798518419266
0.0628994032740593
0.0629095509648323
0.06291744858026505
0.06293030083179474
0.06294074654579163
0.0629478469491005
0.06295780092477798
0.06296809762716293
0.05848444998264313
0.057918500155210495
0.06092635169625282
0.06095745041966438
0.06101579964160919
0.06103599816560745
0.058043401688337326
0.061099499464035034
0.061133600771427155
0.06116630136966705
0.06120239943265915
0.061221301555633545
0.06126305088400841
0.061299849301576614
0.061324648559093475
0.06297720223665237
0.06298620253801346
0.05845030024647713
0.05842990055680275
0.0583977997303009
0.05841175094246864
0.05838334932923317
0.05801535025238991
0.058014851063489914
0.058019451797008514
0.058027200400829315
0.05802439898252487
0.05805635079741478
0.05830705165863037
0.05830150097608566
0.058069851249456406
0.05807875096797943
0.05810460075736046
0.05810929834842682
0.0580996498465538
0.05811234936118126
0.058136049658060074
0.05809969827532768
0.05812079831957817
0.061211198568344116
0.06293179839849472
0.06293255090713501
0.06293085217475891
0.06293290108442307
0.0629459023475647
0.06294345110654831
0.057565901428461075
0.057422149926424026
0.057399798184633255
0.057423848658800125
0.05743104964494705
0.06028364971280098
0.06030799821019173
0.0603206492960453
0.058530598878860474
0.06263580173254013
0.06264050304889679
0.06265020370483398
0.0626588985323906
0.06267250329256058
0.06218715012073517
0.05730165168642998
0.05731159821152687
0.0573122501373291
0.05731949955224991
0.057319749146699905
0.05731765180826187
0.060113150626420975
0.060151901096105576
0.06020750105381012
0.060252200812101364
0.06031915172934532
0.0603412501513958
0.060381099581718445
0.05882230028510094
0.058751899749040604
0.05869995057582855
0.05867810174822807
0.058609798550605774
0.05856344848871231
0.05853544920682907
0.058525849133729935
0.057551298290491104
0.057531848549842834
0.05846070125699043
0.05849229916930199
0.05853879824280739
0.058585599064826965
0.05861179903149605
0.0586683489382267
0.06195199862122536
0.061972249299287796
0.061997298151254654
0.06204434856772423
0.06208140030503273
0.062109798192977905
0.06213400140404701
0.062156450003385544
0.06219319999217987
0.06223895028233528
0.06225544959306717
0.06227640062570572
0.06230029836297035
0.062331851571798325
0.06235260143876076
0.06237965077161789
0.062388498336076736
0.05986560136079788
0.059773899614810944
0.059712350368499756
0.05963375046849251
0.05955694988369942
0.059507448226213455
0.059429850429296494
0.06291040033102036
0.059298399835824966
0.059298500418663025
0.057275500148534775
0.05726984888315201
0.057293400168418884
0.05731534957885742
0.057276248931884766
0.05731799826025963
0.057299498468637466
0.0626489520072937
0.0598624013364315
0.05988840013742447
0.059918250888586044
0.05995135009288788
0.05996394902467728
0.06000785157084465
0.060121748596429825
0.06013505160808563
0.0601515993475914
0.060165248811244965
0.060183700174093246
0.060207050293684006
0.0602104514837265
0.06258480250835419
0.06258989870548248
0.06259570270776749
0.062602199614048
0.06260044872760773
0.06261444836854935
0.06261660158634186
0.06261750310659409
0.06263060122728348
0.06263119727373123
0.05742404982447624
0.06263825297355652
0.06264419853687286
0.06264349818229675
0.06264489889144897
0.06265159696340561
0.06265105307102203
0.06265105307102203
0.06265365332365036
0.06265710294246674
0.06265295296907425
0.06265035271644592
0.05735579878091812
0.05989205092191696
0.05987900123000145
0.05987384915351868
0.05986449867486954
0.062442049384117126
0.062445949763059616
0.062449898570775986
0.06244960054755211
0.062438301742076874
0.06244485080242157
0.06243535131216049
0.0624365508556366
0.06244514882564545
0.05726344883441925
0.05725594982504845
0.05728000029921532
0.057289399206638336
0.05729145184159279
0.057290349155664444
0.05725514888763428
0.05728384852409363
0.05922415107488632
0.059228651225566864
0.05925539880990982
0.062205299735069275
0.0622125007212162
0.062233250588178635
0.062243398278951645
0.06225540116429329
0.057332899421453476
0.05731935054063797
0.057309750467538834
0.057285651564598083
0.05887794867157936
0.0589134506881237
0.058961499482393265
0.05900834873318672
0.06210475042462349
0.06214100122451782
0.06125380098819733
0.06218605116009712
0.06220430135726929
0.06223754957318306
0.060719601809978485
0.060500651597976685
0.05881024897098541
0.05727975070476532
0.05727139860391617
0.0572376511991024
0.05725270137190819
0.059242550283670425
0.057267848402261734
0.05939370021224022
0.0622561015188694
0.06199590116739273
0.06204124912619591
0.06208685040473938
0.0614188015460968
0.05740100145339966
0.057343948632478714
0.061883099377155304
0.10426060110330582
0.10426054894924164
0.10346274822950363
0.1034267470240593
0.10355614870786667
0.10396719723939896
0.10410714894533157
0.10355404764413834
0.10313519835472107
0.10318464785814285
0.10332170128822327
0.10396964848041534
0.10422884672880173
0.10335130244493484
0.1034509465098381
0.1036401018500328
0.10393834859132767
0.10422255098819733
0.10422299802303314
0.10370305180549622
0.10374285280704498
0.10422225296497345
0.10422299802303314
0.1042279526591301
0.1040692999958992
0.10422780364751816
0.10422880202531815
0.10422485321760178
0.10422194749116898
0.1042274534702301
0.1042281985282898
0.10436034947633743
0.10435760021209717
0.10435400158166885
0.104350246489048
0.10445509850978851
0.10445435345172882
0.10445620119571686
0.10445299744606018
0.10445424914360046
0.10445419698953629
0.10445825010538101
0.10425425320863724
0.10428109765052795
0.10428129881620407
0.10427594929933548
0.10427810251712799
0.10428179800510406
0.10427864640951157
0.10427495092153549
0.10427644848823547
0.10427834838628769
0.1044764518737793
0.1043367013335228
0.10422865301370621
0.10422495007514954
0.10422380268573761
0.10422159731388092
0.1042172983288765
0.1042032465338707
0.1042042002081871
0.10419964790344238
0.10443945229053497
0.10444130003452301
0.10441789776086807
0.10444310307502747
0.10444585233926773
0.10443980246782303
0.10443904995918274
0.1043720468878746
0.10439249873161316
0.10444594919681549
0.10444480180740356
0.10444380342960358
0.10416319966316223
0.10422659665346146
0.10439054667949677
0.10444629937410355
0.10444434732198715
0.10441625118255615
0.10441494733095169
0.10426755249500275
0.10419724881649017
0.1041935533285141
0.10432405024766922
0.10432685166597366
0.10432414710521698
0.10432454943656921
0.10432395339012146
0.10432270169258118
0.10432635247707367
0.10432995110750198
0.10432969778776169
0.1043255478143692
0.10432519763708115
0.10432729870080948
0.10433035343885422
0.10428445041179657
0.10428529977798462
0.10444474965333939
0.10427580028772354
0.1044495478272438
0.10444924980401993
0.10427220165729523
0.10426785051822662
0.10444465279579163
0.10426785051822662
0.10426914691925049
0.1042669489979744
0.10426110029220581
0.10425814986228943
0.10426165163516998
0.10425840318202972
0.1042558029294014
0.10425905138254166
0.10418099910020828
0.10430020093917847
0.10429854691028595
0.1042959988117218
0.10430044680833817
0.10430029779672623
0.10430140048265457
0.10428609699010849
0.1042902022600174
0.10441335290670395
0.104270800948143
0.10427135229110718
0.1042684018611908
0.10426075011491776
0.10425805300474167
0.10426255315542221
0.1042615994811058
0.10415039956569672
0.1041536033153534
0.10417074710130692
0.1042729988694191
0.10427209734916687
0.1042715534567833
0.104271300137043
0.10428325086832047
0.1044268012046814
0.10442429780960083
0.10442405194044113
0.10442305356264114
0.10421214997768402
0.10421119630336761
0.10421259701251984
0.1042117029428482
0.1042105033993721
0.10423354804515839
0.1042085513472557
0.10422644764184952
0.10422874987125397
0.10423325002193451
0.10423055291175842
0.10423179715871811
0.10422605276107788
0.10422825068235397
0.10423079878091812
0.1042281985282898
0.1042308509349823
0.10438229888677597
0.1043810024857521
0.10437910258769989
0.1043812483549118
0.10438360273838043
0.10437989979982376
0.10438085347414017
0.10437849909067154
0.104379802942276
0.10437729954719543
0.10444550216197968
0.10444524884223938
0.10421375185251236
0.10421264916658401
0.10421154648065567
0.1042112484574318
0.10421360284090042
0.10421229898929596
0.104213647544384
0.10420910269021988
0.10420670360326767
0.10420840233564377
0.10420554876327515
0.10420440137386322
0.10434664785861969
0.1042102500796318
0.10420774668455124
0.10420689731836319
0.10420680046081543
0.10434699803590775
0.1043439507484436
0.10443314909934998
0.1044299528002739
0.1044296994805336
0.10432515293359756
0.1043194979429245
0.10418789833784103
0.10432165116071701
0.10431969910860062
0.10431879758834839
0.10431809723377228
0.10418254882097244
0.10431759804487228
0.10442530363798141
0.10442475229501724
0.10442270338535309
0.10442610085010529
0.10442359745502472
0.10442344844341278
0.1044251024723053
0.10428260266780853
0.10428860038518906
0.10418300330638885
0.10418175160884857
0.10418505221605301
0.10425934940576553
0.10425305366516113
0.10418085008859634
0.10418210178613663
0.10417819768190384
0.10417649894952774
0.1041748970746994
0.10417695343494415
0.10417714715003967
0.10423579812049866
0.10417585074901581
0.10417559742927551
0.10423024743795395
0.10423160344362259
0.10423024743795395
0.10422854870557785
0.10422024875879288
0.1042196974158287
0.10422185063362122
0.10421755164861679
0.10437355190515518
0.10437014698982239
0.10443759709596634
0.10443925112485886
0.10444294661283493
0.10444015264511108
0.10443969815969467
0.1044403463602066
0.10422655194997787
0.10423149913549423
0.1044384017586708
0.10422205179929733
0.1042337492108345
0.10423599928617477
0.10420075058937073
0.10422089695930481
0.10418950021266937
0.10418809950351715
0.10420145094394684
0.10431980341672897
0.10432124882936478
0.10432224720716476
0.1043192520737648
0.10431534796953201
0.10431569814682007
0.10431385040283203
0.10431279987096786
0.10442750155925751
0.10442709922790527
0.10442619770765305
0.10442914813756943
0.1044495478272438
0.1044268012046814
0.10442495346069336
0.10442409664392471
0.10442765057086945
0.10442519932985306
0.10429664701223373
0.10430044680833817
0.10430385172367096
0.10431274771690369
0.1043209508061409
0.10433094948530197
0.10433819890022278
0.10433714836835861
0.10435354709625244
0.10436049848794937
0.10437224805355072
0.10438589751720428
0.10418075323104858
0.10418160259723663
0.10440874844789505
0.10442029684782028
0.10419510304927826
0.1044313982129097
0.1044372022151947
0.1044391468167305
0.10420910269021988
0.10421495139598846
0.10421644896268845
0.10420694947242737
0.10422085225582123
0.10420779883861542
0.10420539975166321
0.1042296513915062
0.10439065098762512
0.10418760031461716
0.10418754816055298
0.10418804734945297
0.10418719798326492
0.10418695211410522
0.10432449728250504
0.10431990027427673
0.10431254655122757
0.1044251024723053
0.10442785173654556
0.10443080216646194
0.10443189740180969
0.10415325313806534
0.10443124920129776
0.10443135350942612
0.10443145036697388
0.10443104803562164
0.1044270470738411
0.10442569851875305
0.10442425310611725
0.10442750155925751
0.10442584753036499
0.10442479699850082
0.1044236496090889
0.10442685335874557
0.10442090034484863
0.10442165285348892
0.10425934940576553
0.10442034900188446
0.10441935062408447
0.10441820323467255
0.10411354899406433
0.10410275310277939
0.10411319881677628
0.10410570353269577
0.10410565137863159
0.10410480201244354
0.10410469770431519
0.10410380363464355
0.10410244762897491
0.10410244762897491
0.10409825295209885
0.10410069674253464
0.10410380363464355
0.10410299897193909
0.10410069674253464
0.10409724712371826
0.10430510342121124
0.10409785062074661
0.10410015285015106
0.10409919917583466
0.10410059988498688
0.10409785062074661
0.10409855097532272
0.104100801050663
0.10409905016422272
0.10410410165786743
0.10409779846668243
0.10409984737634659
0.10409785062074661
0.10422030091285706
0.10409320145845413
0.10409600287675858
0.10409700125455856
0.10409499704837799
0.10409574955701828
0.10409340262413025
0.10409165173768997
0.1040937528014183
0.10409674793481827
0.1041937991976738
0.10418940335512161
0.1041378527879715
0.10434529930353165
0.10434029996395111
0.10434660315513611
0.10425720363855362
0.10434219986200333
0.10434585064649582
0.10433924943208694
0.10434000194072723
0.10433930158615112
0.10433865338563919
0.10433530062437057
0.10433050245046616
0.10432960093021393
0.10433310270309448
0.10432904958724976
0.10432714968919754
0.10432589799165726
0.10432344675064087
0.10432790219783783
0.10432589799165726
0.10432309657335281
0.10432320088148117
0.10432379692792892
0.10414685308933258
0.10432034730911255
0.10432355105876923
0.10432285070419312
0.10431700199842453
0.10431990027427673
0.10415755212306976
0.10431680083274841
0.10431630164384842
0.10431685298681259
0.10431669652462006
0.10442189872264862
0.10441859811544418
0.10442095249891281
0.10442379862070084
0.10442189872264862
0.10442409664392471
0.10442265123128891
0.10442010313272476
0.10417260229587555
0.10416849702596664
0.10417009890079498
0.10417085140943527
0.10415779799222946
0.10417594760656357
0.10427674651145935
0.10420860350131989
0.10421285033226013
0.10421550273895264
0.104214146733284
0.10421430319547653
0.10421725362539291
0.10421814769506454
0.10422144830226898
0.10432100296020508
0.10422159731388092
0.10422469675540924
0.10422279685735703
0.1041155532002449
0.10410965234041214
0.10411419719457626
0.10411085188388824
0.10412099957466125
0.1043097972869873
0.10410705208778381
0.10421574860811234
0.10421095043420792
0.10438989847898483
0.10421150177717209
0.10437820106744766
0.10420650243759155
0.1043763980269432
0.10437384992837906
0.10427404940128326
0.10414914786815643
0.10437309741973877
0.10437200218439102
0.10436660051345825
0.1043691486120224
0.10436584800481796
0.10410089790821075
0.10436654835939407
0.10436475276947021
0.10435964912176132
0.10435979813337326
0.10411339998245239
0.10410194844007492
0.1041184514760971
0.10412020236253738
0.10411854833364487
0.10411430150270462
0.10414689779281616
0.10414689779281616
0.10414130240678787
0.10414425283670425
0.10427150130271912
0.10414224863052368
0.10414254665374756
0.1041390523314476
0.10413914918899536
0.10432165116071701
0.10410100221633911
0.1041017472743988
0.10410430282354355
0.10426519811153412
0.10439234972000122
0.10438995063304901
0.10426375269889832
0.10426720231771469
0.10439234972000122
0.10426750034093857
0.10431879758834839
0.10426405072212219
0.10429514944553375
0.10426250100135803
0.1042630523443222
0.10426294803619385
0.1042613536119461
0.10418815165758133
0.10418500006198883
0.10418765246868134
0.10409584641456604
0.10409770160913467
0.1041889488697052
0.10413625091314316
0.10419119894504547
0.10422895103693008
0.10422904789447784
0.104231096804142
0.1042264997959137
0.10422559827566147
0.10422579944133759
0.10422340035438538
0.10422380268573761
0.10422434657812119
0.10440465062856674
0.10422305017709732
0.10422305017709732
0.10422035306692123
0.1043780967593193
0.10409100353717804
0.1042184978723526
0.10437729954719543
0.1043766513466835
0.10421939939260483
0.10437755286693573
0.10437755286693573
0.10437755286693573
0.10437720268964767
0.10437420010566711
0.10437694936990738
0.10437329858541489
0.1043754518032074
0.10413164645433426
0.10425125062465668
0.10413599759340286
0.10413560271263123
0.1043303981423378
0.10437895357608795
0.10413540154695511
0.104134701192379
0.10413295030593872
0.1041318029165268
0.10412909835577011
0.10413309931755066
0.10413265228271484
0.1043243482708931
0.10432445257902145
0.10432309657335281
0.1043255478143692
0.10432650148868561
0.10432705283164978
0.10432545095682144
0.10432235151529312
0.1043204516172409
0.10441630333662033
0.10441560298204422
0.10429404675960541
0.10432165116071701
0.10441405326128006
0.10441450029611588
0.10441579669713974
0.1043238490819931
0.10432565212249756
0.10432370007038116
0.10417184978723526
0.10441640019416809
0.10441730171442032
0.10441804677248001
0.10441804677248001
0.104145348072052
0.10442110151052475
0.10432440042495728
0.10432650148868561
0.10432624816894531
0.10442204773426056
0.10432620346546173
0.10441940277814865
0.10442099720239639
0.10442420095205307
0.10442090034484863
0.10442320257425308
0.10442259907722473
0.10416380316019058
0.10442254692316055
0.10416755080223083
0.10442174971103668
0.10442750155925751
0.10411865264177322
0.10440605133771896
0.10440319776535034
0.10421329736709595
0.10421425104141235
0.10422159731388092
0.10440804809331894
0.10422539710998535
0.10422159731388092
0.10432545095682144
0.10411050170660019
0.10440730303525925
0.10422895103693008
0.1044095978140831
0.104231096804142
0.10422729700803757
0.10422959923744202
0.1042296513915062
0.1044130027294159
0.10439745336771011
0.10439690202474594
0.1043912023305893
0.10439105331897736
0.10439474880695343
0.10439790040254593
0.10439544916152954
0.10414840281009674
0.10414615273475647
0.10426279902458191
0.10434039682149887
0.1042652502655983
0.10426534712314606
0.10437499731779099
0.10437410324811935
0.10437209904193878
0.10437235236167908
0.10437825322151184
0.10437895357608795
0.10437525063753128
0.10437584668397903
0.10437964648008347
0.10437764972448349
0.10442350059747696
0.1044246032834053
0.10442519932985306
0.10420340299606323
0.10420279949903488
0.10420174896717072
0.10420750081539154
0.1042105033993721
0.10421144962310791
0.10442449897527695
0.10442029684782028
0.10442689806222916
0.10443014651536942
0.10442420095205307
0.1044268012046814
0.10442184656858444
0.10435950011014938
0.10442309826612473
0.10435435175895691
0.104099802672863
0.10406254976987839
0.10442599654197693
0.10430309921503067
0.10430944710969925
0.10323680192232132
0.10293275117874146
0.10296729952096939
0.10307744890451431
0.10349609702825546
0.10399235039949417
0.10398095101118088
0.10240115225315094
0.10240945219993591
0.10253609716892242
0.10286624729633331
0.10331784933805466
0.10353320091962814
0.10300759971141815
0.10207764804363251
0.10227259993553162
0.10243380069732666
0.10280819982290268
0.10341840237379074
0.10336419939994812
0.10225655138492584
0.10250075161457062
0.10251995176076889
0.10278479754924774
0.10341484844684601
0.10392864793539047
0.10408080369234085
0.10268030315637589
0.10282640159130096
0.10304109752178192
0.10340870171785355
0.10404430329799652
0.10423269867897034
0.10423500090837479
0.10327699780464172
0.10351905226707458
0.10359834879636765
0.10420340299606323
0.10422690212726593
0.10427465289831161
0.10443820059299469
0.10405244678258896
0.10437115281820297
0.10443530231714249
0.10443360358476639
0.1044282466173172
0.10443239659070969
0.10443004965782166
0.1044268012046814
0.10432659834623337
0.10416539758443832
0.10416000336408615
0.1041698008775711
0.10416915267705917
0.10417290031909943
0.10417170077562332
0.1041698008775711
0.10417190194129944
0.10421554744243622
0.10418079793453217
0.10417994856834412
0.10418404638767242
0.10432285070419312
0.10418230295181274
0.10418234765529633
0.1040199026465416
0.10405594855546951
0.10415785014629364
0.10421150177717209
0.10421115159988403
0.10420744866132736
0.1042080968618393
0.10382220149040222
0.10401120036840439
0.1041843518614769
0.10420235246419907
0.10436385124921799
0.1043614000082016
0.10415475070476532
0.1043599471449852
0.10445039719343185
0.10445105284452438
0.10444830358028412
0.10444314777851105
0.10416709631681442
0.10444615036249161
0.10427224636077881
0.10444524884223938
0.10444535315036774
0.10443729907274246
0.1044369488954544
0.10443790256977081
0.1044355034828186
0.10443724691867828
0.10443654656410217
0.1042078509926796
0.1044076532125473
0.10441049933433533
0.10440854728221893
0.10440835356712341
0.10440690070390701
0.10418219864368439
0.10440074652433395
0.10439559817314148
0.1044001504778862
0.1044021025300026
0.10436464846134186
0.10437005013227463
0.10438045114278793
0.10438404977321625
0.10415449738502502
0.10439489781856537
0.10440915077924728
0.10441195219755173
0.10441935062408447
0.10442324727773666
0.10442844778299332
0.10443185269832611
0.10443715006113052
0.10443814843893051
0.10443829745054245
0.10443705320358276
0.10443585366010666
0.10443440079689026
0.10443705320358276
0.10430724918842316
0.10443534702062607
0.10443609952926636
0.10443384945392609
0.10443004965782166
0.10418815165758133
0.10418599843978882
0.10418680310249329
0.10418404638767242
0.1041831523180008
0.10418179631233215
0.10417915135622025
0.10418380051851273
0.10418374836444855
0.10418260097503662
0.10418529808521271
0.10418464988470078
0.1041877493262291
0.10419800132513046
0.10419820249080658
0.10420604795217514
0.10420569777488708
0.10421255230903625
0.10417710244655609
0.10435854643583298
0.10438760370016098
0.10438369959592819
0.10438364744186401
0.10437805205583572
0.10438095033168793
0.1043829470872879
0.10418695211410522
0.10437989979982376
0.10437460243701935
0.10436979681253433
0.10436724871397018
0.10437174886465073
0.10436809808015823
0.10436829924583435
0.10436210036277771
0.10436095297336578
0.10444054752588272
0.10444120317697525
0.10444425046443939
0.10428520292043686
0.10423120111227036
0.10444200038909912
0.10443609952926636
0.10443294793367386
0.1044362485408783
0.10443869978189468
0.10420670360326767
0.10443229973316193
0.10419239848852158
0.10419280081987381
0.10442789644002914
0.1044308990240097
0.10443104803562164
0.10442449897527695
0.10442399978637695
0.10442160069942474
0.1044187992811203
0.10441654920578003
0.10441660135984421
0.10441660135984421
0.10413715243339539
0.10413540154695511
0.10424284636974335
0.10413499921560287
0.10413075238466263
0.10412870347499847
0.10412359982728958
0.10412435233592987
0.10411994904279709
0.10412075370550156
0.1041186973452568
0.10412120074033737
0.10412345081567764
0.10411880165338516
0.10412505269050598
0.10412769764661789
0.10412845015525818
0.10413844883441925
0.1041402518749237
0.10414259880781174
0.10414209961891174
0.10415305197238922
0.10415580123662949
0.10415560007095337
0.1041480004787445
0.10414090007543564
0.1041211485862732
0.10414265096187592
0.10413994640111923
0.10413285344839096
0.10413219779729843
0.10412594676017761
0.10435429960489273
0.10412134975194931
0.10411810129880905
0.10411269962787628
0.10410545021295547
0.10410414636135101
0.10410259664058685
0.1041053980588913
0.10410179942846298
0.1041034534573555
0.10410270094871521
0.10417415201663971
0.10409774631261826
0.10409984737634659
0.10410095006227493
0.1041005477309227
0.10410089790821075
0.10409999638795853
0.10409949719905853
0.10410045087337494
0.10410194844007492
0.10409440100193024
0.10409674793481827
0.10409445315599442
0.10409285128116608
0.10409309715032578
0.10409320145845413
0.10409309715032578
0.10409104824066162
0.10409224778413773
0.1041639968752861
0.10409975051879883
0.10416194796562195
0.1041608527302742
0.10415919870138168
0.10410705208778381
0.10436134785413742
0.10441075265407562
0.10441084951162338
0.10441239923238754
0.1044098511338234
0.10441324859857559
0.1044115498661995
0.1044105514883995
0.10415919870138168
0.10416024923324585
0.1041610985994339
0.10416139662265778
0.10440535098314285
0.10411539673805237
0.10416480153799057
0.10417105257511139
0.1041700467467308
0.10417459905147552
0.10418064892292023
0.10417564958333969
0.10418295115232468
0.10419269651174545
0.10419400036334991
0.10419335216283798
0.10419649630784988
0.10411850363016129
0.10412400215864182
0.10412195324897766
0.10412024706602097
0.10421325266361237
0.1041271984577179
0.10413964837789536
0.1042245477437973
0.10414184629917145
0.10414755344390869
0.10413145273923874
0.10410059988498688
0.10410969704389572
0.10400775074958801
0.10386685281991959
0.10377579927444458
0.10371760278940201
0.10369735211133957
0.10377179831266403
0.10383950173854828
0.10386514663696289
0.10385800153017044
0.10385909676551819
0.10384289920330048
0.10379905253648758
0.1037357971072197
0.10371624678373337
0.10408149659633636
0.10366389900445938
0.10431235283613205
0.10433419793844223
0.10434290021657944
0.10436339676380157
0.10402359813451767
0.10406599938869476
0.10409770160913467
0.10407260060310364
0.1040409505367279
0.10407114773988724
0.10411054641008377
0.10396020114421844
0.1039559468626976
0.1039547473192215
0.10396234691143036
0.10415714979171753
0.10385335236787796
0.10386010259389877
0.1038597971200943
0.10384094715118408
0.10384354740381241
0.10384420305490494
0.10383229702711105
0.10383454710245132
0.10383360087871552
0.10383500158786774
0.10383699834346771
0.10383535176515579
0.1038285493850708
0.10382469743490219
0.1038234531879425
0.103888601064682
0.10391665250062943
0.10393065214157104
0.10392849892377853
0.10395409911870956
0.10387960076332092
0.10413665324449539
0.10409840196371078
0.10408274829387665
0.1040799468755722
0.1040736511349678
0.10406994819641113
0.10407035052776337
0.10407009720802307
0.10427705198526382
0.10416139662265778
0.10427334904670715
0.10427509993314743
0.1042727530002594
0.10427229851484299
0.10386825352907181
0.10427174717187881
0.10427174717187881
0.10427495092153549
0.10427294671535492
0.10426519811153412
0.10427995026111603
0.10429815202951431
0.10430820286273956
0.10429465025663376
0.1042741984128952
0.10426720231771469
0.1037798523902893
0.1037062481045723
0.10371354967355728
0.10370370000600815
0.10370949655771255
0.10369530320167542
0.10369125008583069
0.10369370132684708
0.10368745028972626
0.10369180142879486
0.10400030016899109
0.10399279743432999
0.10399574786424637
0.10399740189313889
0.10402529686689377
0.10404154658317566
0.10401640087366104
0.10400249809026718
0.10398049652576447
0.10425765067338943
0.10392425209283829
0.10375654697418213
0.10393770039081573
0.10393950343132019
0.10394740104675293
0.10395535081624985
0.10364499688148499
0.10364329814910889
0.10363525152206421
0.10363700240850449
0.10363370180130005
0.10363774746656418
0.10363435000181198
0.1036403477191925
0.10363955050706863
0.10364100337028503
0.10364735126495361
0.10365460067987442
0.10365135222673416
0.1036577969789505
0.10365705192089081
0.10366004705429077
0.10366694629192352
0.10366815328598022
0.10377415269613266
0.10377179831266403
0.1037708967924118
0.10373634845018387
0.10373354703187943
0.10373544692993164
0.10429409891366959
0.10373354703187943
0.1037273034453392
0.10387995094060898
0.10429905354976654
0.10372444987297058
0.10372675210237503
0.10372325032949448
0.10372035205364227
0.10371614992618561
0.1037137508392334
0.10370989888906479
0.10370685160160065
0.10371454805135727
0.10374999791383743
0.10380320250988007
0.10382074862718582
0.10381320118904114
0.10377834737300873
0.10374759882688522
0.10403724759817123
0.10401985049247742
0.1040107011795044
0.1040038987994194
0.10399910062551498
0.10401055216789246
0.10405194759368896
0.10408394783735275
0.10411404818296432
0.10413145273923874
0.10414375364780426
0.10425005108118057
0.10418230295181274
0.10413684695959091
0.10421919822692871
0.08528094738721848
0.0701974481344223
0.04805684834718704
0.09812545031309128
0.10429369658231735
0.10424424707889557
0.10388164967298508
0.10390640050172806
0.10396645218133926
0.10400764644145966
0.10403399914503098
0.10401380062103271
0.10401739925146103
0.10402890294790268
0.1040300503373146
0.10404364764690399
0.10405664891004562
0.10430575162172318
0.10400255024433136
0.10394395142793655
0.10394369810819626
0.10393989831209183
0.10394144803285599
0.103939950466156
0.10393985360860825
0.10411889851093292
-0.0000013500000477506546
-8.499999921696144e-7
-0.0000026000000161729986
-4.0000000467443897e-7
0.000002049999920927803
-0.0000026000000161729986
0.0000018499999896448571
0.00004954999894835055
0.10408645123243332
0.10408119857311249
0.1040719524025917
0.10407549887895584
0.10426154732704163
0.1042623519897461
0.10425835102796555
0.10426325350999832
0.10418439656496048
0.1042587012052536
0.10425624996423721
0.10425519943237305
0.10425495356321335
0.10424940288066864
0.10424605011940002
0.10423780232667923
0.10422935336828232
0.10430145263671875
0.10432049632072449
0.1043073982000351
0.10434515029191971
0.10434955358505249
0.10435380041599274
0.10435754805803299
0.1038256511092186
0.10435924679040909
0.10435564815998077
0.1043514534831047
0.104350246489048
0.10380270332098007
0.10434480011463165
0.10433314740657806
0.10431444644927979
0.10402555018663406
0.10431595146656036
0.1043161004781723
0.10397599637508392
0.10431089997291565
0.10430890321731567
0.10430234670639038
0.1043023020029068
0.1043149009346962
0.10433389991521835
0.10433624684810638
0.10433045029640198
0.10407280176877975
0.10423415154218674
0.1043795496225357
0.10438919812440872
0.10419315099716187
0.10424785315990448
0.1042824536561966
0.10422539710998535
0.03225655108690262
0.019642150029540062
0.09201595187187195
0.09026995301246643
0.0931817963719368
0.08479315042495728
0.08408434689044952
0.0839996486902237
0.08474075049161911
0.0848003476858139
0.08490925282239914
0.07834020256996155
0.0848407968878746
0.08490700274705887
0.08446119725704193
0.03454529866576195
0.02448979951441288
0.03450620174407959
0.03130184859037399
0.03146050125360489
0.03242040053009987
0.030981549993157387
0.026630550622940063
0.032016001641750336
0.03159414976835251
0.0334709994494915
0.09434535354375839
0.10419835150241852
0.10411935299634933
0.10413595288991928
0.10408250242471695
0.10397370159626007
0.10395870357751846
0.1039414033293724
0.035565249621868134
0.04297899827361107
0.04663114994764328
0.0315079502761364
0.03580055013298988
0.06821189820766449
0.032584648579359055
0.09176734834909439
0.030336249619722366
0.02756045013666153
0.032481949776411057
0.034046050161123276
0.03696829825639725
0.04910074919462204
0.104049451649189
0.10400555282831192
0.10417190194129944
0.10420960187911987
0.1041565015912056
0.10396940261125565
0.1039491519331932
0.10418994724750519
0.10425449907779694
0.1040954515337944
0.08705125004053116
0.09656944870948792
0.08547820150852203
0.0862734466791153
0.08459070324897766
0.04551050066947937
0.05074474960565567
0.04984720051288605
0.06759165227413177
0.0777667984366417
0.0655691996216774
0.06380374729633331
0.08669295161962509
0.023750999942421913
0.02174130082130432
0.026451250538229942
0.029033200815320015
0.04137824848294258
0.04406305029988289
0.08828770369291306
0.09381359815597534
0.09724050015211105
0.09927260130643845
0.10418754816055298
0.10420689731836319
0.10417164862155914
0.1041266992688179
0.10411594808101654
0.1040986031293869
0.10420209914445877
0.10401894897222519
0.10415635257959366
0.10412435233592987
0.10423629730939865
0.10408304631710052
0.10416334867477417
0.10416644811630249
0.10416354984045029
0.10433945059776306
0.10416045039892197
0.10414274781942368
0.10407885164022446
0.10428164899349213
0.10427720099687576
0.10426560044288635
0.10426220297813416
0.10426189750432968
0.1042613536119461
0.1037077009677887
0.10427004843950272
0.1042746976017952
0.10427165031433105
0.10427039861679077
0.10428185015916824
0.10429195314645767
0.10431960225105286
0.10440854728221893
0.10442519932985306
0.10438235104084015
0.10438890010118484
0.1044604480266571
0.10442735254764557
0.1042572483420372
0.1038471981883049
0.10430579632520676
0.10375519841909409
0.10378070175647736
0.10409560054540634
0.1038523018360138
0.10387855023145676
0.10435660183429718
0.10435450077056885
0.10389935225248337
0.10390455275774002
0.10390444844961166
0.10389959812164307
0.10390035063028336
0.10389959812164307
0.10390155017375946
0.10389990359544754
0.10389765352010727
0.10389869660139084
0.09703425318002701
0.09694810211658478
0.09708724915981293
0.09707319736480713
0.09702035039663315
0.09696179628372192
0.0968763530254364
0.09685525298118591
0.09700849652290344
0.09696824848651886
0.0969475507736206
0.09691254794597626
0.09686014801263809
0.09682495146989822
0.09699004888534546
0.09696905314922333
0.09696509689092636
0.09711199998855591
0.09719789773225784
0.09719935059547424
0.09731484949588776
0.09734834730625153
0.09732630103826523
0.09736444801092148
0.09725005179643631
0.09712409973144531
0.09715534746646881
0.0970378965139389
0.09712719917297363
0.097120501101017
0.0969911515712738
0.09673295170068741
0.09653580188751221
0.09660294651985168
0.09678079932928085
0.09716469794511795
0.09713145345449448
0.09711769968271255
0.09708459675312042
0.09719724953174591
0.0973849967122078
0.09737305343151093
0.09739390015602112
0.09734775125980377
0.09731979668140411
0.10409759730100632
0.1040991023182869
0.10409914702177048
0.10409720242023468
0.10406330227851868
0.10406610369682312
0.10406765341758728
0.10406559705734253
0.10406319797039032
0.10406070202589035
0.10406644642353058
0.10406765341758728
0.10410024970769882
0.10406660288572311
0.10406389832496643
0.10409265011548996
0.10405884683132172
0.10409829765558243
0.10406404733657837
0.10406120121479034
0.10409180074930191
0.1043609008193016
0.1040583997964859
0.10405900329351425
0.10406315326690674
0.10405725240707397
0.10405649989843369
0.10404989868402481
0.10422520339488983
0.10404814779758453
0.10423170030117035
0.1042243018746376
0.10422659665346146
0.10422205179929733
0.10422295331954956
0.10434035211801529
0.10433834791183472
0.10433869808912277
0.10433655232191086
0.10433225333690643
0.10433334857225418
0.10432840138673782
0.10407035052776337
0.10407800227403641
0.10400904715061188
0.10407715290784836
0.1043274998664856
0.1040726974606514
0.10407455265522003
0.10432600229978561
0.10432270169258118
0.10432065278291702
0.10408809781074524
0.10408440232276917
0.10431785136461258
0.10409359633922577
0.10409654676914215
0.10409895330667496
0.10409969836473465
0.10410279780626297
0.10410279780626297
0.10432194918394089
0.10431569814682007
0.10411760210990906
0.10430984944105148
0.10411684960126877
0.10435280203819275
0.10413684695959091
0.1043206974864006
0.1041295975446701
0.104117751121521
0.1041162982583046
0.10410639643669128
0.1041126474738121
0.10410910099744797
0.10410500317811966
0.1040959507226944
0.10408920049667358
0.10408350080251694
0.10428544878959656
0.10428094863891602
0.10428059846162796
0.10427489876747131
0.1042693480849266
0.10426849871873856
0.10427270084619522
0.1042664498090744
0.10426674783229828
0.10405775159597397
0.10425610095262527
0.1042613536119461
0.10425584763288498
0.10435029864311218
0.1043473482131958
0.1043422520160675
0.1043429970741272
0.10434255003929138
0.10433884710073471
0.10433980077505112
0.10433744639158249
0.10411349684000015
0.10433434695005417
0.10433865338563919
0.10433100163936615
0.10432430356740952
0.10432379692792892
0.10432109981775284
0.10421965271234512
0.10421329736709595
0.10420185327529907
0.1041964516043663
0.10420159995555878
0.10433804988861084
0.10433404892683029
0.10433270037174225
0.10432205349206924
0.10432430356740952
0.10430339723825455
0.10429369658231735
0.10428570210933685
0.10428419709205627
0.1043350026011467
0.10428085178136826
0.10429854691028595
0.1043080985546112
0.10432039946317673
0.10432279855012894
15.385950088500977
15.382399559020996
15.39430046081543
15.405150413513184
15.421950340270996
15.386699676513672
15.319450378417969
15.335599899291992
15.340800285339355
15.362799644470215
15.36365032196045
15.386449813842773
15.370100021362305
15.30465030670166
15.327400207519531
15.349599838256836
15.381199836730957
15.42134952545166
15.351499557495117
15.351499557495117
15.363349914550781
15.381449699401855
15.411399841308594
15.441499710083008
15.480850219726562
15.413649559020996
15.386500358581543
15.4087495803833
15.429349899291992
15.474699974060059
15.503700256347656
15.514249801635742
15.268199920654297
15.313949584960938
15.338700294494629
15.403200149536133
15.443499565124512
15.506150245666504
15.43904972076416
15.439550399780273
15.476349830627441
15.511199951171875
15.537400245666504
15.577799797058105
15.477299690246582
15.507749557495117
15.534950256347656
15.560199737548828
15.588850021362305
15.59160041809082
15.53654956817627
15.511899948120117
15.536250114440918
15.57509994506836
15.584650039672852
15.615900039672852
15.534899711608887
15.627099990844727
15.559249877929688
15.581199645996094
15.621600151062012
15.64739990234375
15.572999954223633
15.541199684143066
15.559550285339355
15.566049575805664
15.58650016784668
15.604499816894531
15.612500190734863
15.51159954071045
15.509400367736816
15.50979995727539
15.524749755859375
15.527600288391113
15.539349555969238
15.461350440979004
15.439299583435059
15.456600189208984
15.481550216674805
15.617650032043457
15.541799545288086
15.468400001525879
15.507499694824219
15.54104995727539
15.59000015258789
15.628049850463867
15.755149841308594
15.755149841308594
15.684200286865234
15.722000122070312
15.777199745178223
15.813750267028809
15.84945011138916
15.789649963378906
15.804750442504883
15.848950386047363
15.885950088500977
15.909899711608887
15.950699806213379
15.863900184631348
15.891300201416016
15.921899795532227
15.922599792480469
15.99845027923584
16.022300720214844
15.942099571228027
15.900099754333496
16.00695037841797
15.956649780273438
16.058500289916992
16.09225082397461
16.026399612426758
15.937899589538574
16.048599243164062
16.078350067138672
16.119600296020508
16.02975082397461
16.040800094604492
15.98740005493164
15.95829963684082
16.037450790405273
16.037450790405273
16.02239990234375
16.04775047302246
15.980600357055664
16.002099990844727
16.038349151611328
16.091699600219727
16.11894989013672
16.16349983215332
16.11050033569336
16.167049407958984
16.185049057006836
16.23200035095215
16.251300811767578
16.238399505615234
16.202850341796875
16.230899810791016
16.2414493560791
16.258699417114258
16.275650024414062
16.264650344848633
16.23295021057129
16.186500549316406
16.265100479125977
16.2632999420166
16.218849182128906
16.303749084472656
16.194400787353516
16.150400161743164
16.26165008544922
16.180749893188477
16.295400619506836
16.341100692749023
16.341100692749023
16.341100692749023
16.229000091552734
16.24650001525879
16.257600784301758
16.274200439453125
16.284250259399414
16.188499450683594
16.210050582885742
16.206300735473633
16.230199813842773
16.237899780273438
16.240249633789062
16.14889907836914
16.185150146484375
16.185800552368164
16.248249053955078
16.259199142456055
16.31385040283203
16.286699295043945
16.241899490356445
16.2716007232666
16.279800415039062
16.297199249267578
16.314449310302734
16.321550369262695
16.23634910583496
16.256549835205078
16.26435089111328
16.277849197387695
16.294950485229492
16.30459976196289
16.25589942932129
16.156049728393555
16.156049728393555
16.2810001373291
16.30525016784668
16.3260498046875
16.247549057006836
16.263399124145508
16.27775001525879
16.20115089416504
16.308549880981445
16.314300537109375
16.283300399780273
16.220500946044922
16.21980094909668
16.24625015258789
16.26384925842285
16.261199951171875
16.268299102783203
16.16175079345703
16.137699127197266
16.15904998779297
16.220550537109375
16.207300186157227
16.228649139404297
16.184200286865234
16.134450912475586
16.153900146484375
16.183250427246094
16.152599334716797
16.16069984436035
16.163949966430664
16.060949325561523
16.058799743652344
16.06505012512207
16.126300811767578
16.126300811767578
16.06385040283203
16.175350189208984
16.093900680541992
16.077049255371094
16.079700469970703
16.075349807739258
16.081050872802734
16.082849502563477
15.980299949645996
15.964249610900879
15.954750061035156
15.951299667358398
15.94944953918457
15.872949600219727
15.900150299072266
15.83810043334961
15.840950012207031
15.823200225830078
15.831000328063965
15.83215045928955
15.736800193786621
15.716349601745605
15.711050033569336
15.712800025939941
15.715250015258789
15.730400085449219
15.614350318908691
15.604599952697754
15.596449851989746
15.61044979095459
15.61104965209961
15.537150382995605
15.495550155639648
15.465900421142578
15.458999633789062
15.463600158691406
15.501850128173828
15.486000061035156
15.404000282287598
15.368599891662598
15.370450019836426
15.376350402832031
15.392999649047852
15.413900375366211
15.347350120544434
15.329000473022461
15.323699951171875
15.324049949645996
15.372650146484375
15.360950469970703
15.377400398254395
15.314800262451172
15.264749526977539
15.316100120544434
15.299949645996094
15.311349868774414
15.300999641418457
15.316100120544434
15.233149528503418
15.247300148010254
15.26414966583252
15.285099983215332
15.314200401306152
15.331950187683105
15.238849639892578
15.254199981689453
15.254199981689453
15.317350387573242
15.33495044708252
15.344499588012695
15.261650085449219
15.271550178527832
15.277649879455566
15.30049991607666
15.316349983215332
15.324600219726562
15.200499534606934
15.20044994354248
15.214349746704102
15.24470043182373
15.242349624633789
15.259900093078613
15.180100440979004
15.165900230407715
15.167349815368652
15.078450202941895
15.208250045776367
15.231949806213379
15.203149795532227
15.150500297546387
15.162249565124512
15.172849655151367
15.19474983215332
15.22605037689209
15.243550300598145
15.167499542236328
15.181750297546387
15.191699981689453
15.225099563598633
15.32800006866455
15.32800006866455
15.280150413513184
15.19789981842041
15.224599838256836
15.244750022888184
15.278599739074707
15.454549789428711
15.477499961853027
15.372750282287598
15.374950408935547
15.412249565124512
15.429699897766113
15.455450057983398
15.494850158691406
15.462499618530273
15.451549530029297
15.479599952697754
15.505399703979492
15.531749725341797
15.568949699401855
15.550749778747559
15.496549606323242
15.443650245666504
15.455750465393066
15.471500396728516
15.492400169372559
15.600199699401855
15.472749710083008
15.460650444030762
15.49785041809082
15.525150299072266
15.566100120544434
15.570199966430664
15.511549949645996
15.451549530029297
15.451549530029297
15.586199760437012
15.609350204467773
15.537650108337402
15.55679988861084
15.565549850463867
15.579549789428711
15.589699745178223
15.56624984741211
15.520950317382812
15.498649597167969
15.52299976348877
15.540650367736816
15.557350158691406
15.439000129699707
15.448249816894531
15.449600219726562
15.442350387573242
15.455400466918945
15.467399597167969
15.433699607849121
15.328849792480469
15.333149909973145
15.330050468444824
15.346599578857422
15.277899742126465
15.28534984588623
15.22350025177002
15.259300231933594
15.265800476074219
15.26360034942627
15.281000137329102
15.293749809265137
15.31725025177002
15.31725025177002
15.237099647521973
15.246649742126465
15.273799896240234
15.169949531555176
15.308300018310547
15.30519962310791
15.250249862670898
15.272350311279297
15.292699813842773
15.326299667358398
15.351149559020996
15.205050468444824
15.302650451660156
15.327349662780762
15.351900100708008
15.380399703979492
15.39169979095459
15.418549537658691
15.35789966583252
15.392849922180176
15.415599822998047
15.456049919128418
15.483499526977539
15.498250007629395
15.439399719238281
15.477450370788574
15.497050285339355
15.538249969482422
15.557350158691406
15.506699562072754
15.517350196838379
15.449399948120117
15.449399948120117
15.426650047302246
15.449700355529785
15.371399879455566
15.38230037689209
15.391200065612793
15.530599594116211
15.548700332641602
15.552800178527832
15.537949562072754
15.565999984741211
15.579850196838379
15.602899551391602
15.634300231933594
15.56470012664795
15.54794979095459
15.583399772644043
15.5733003616333
15.596549987792969
15.613550186157227
15.534950256347656
15.528949737548828
15.54889965057373
15.556449890136719
15.581450462341309
15.526800155639648
15.509400367736816
15.518850326538086
15.511500358581543
15.532600402832031
15.44909954071045
15.428750038146973
15.421449661254883
15.421449661254883
15.444000244140625
15.467049598693848
15.343350410461426
15.351499557495117
15.326149940490723
15.351550102233887
15.371100425720215
15.34274959564209
15.150400161743164
15.166199684143066
15.177949905395508
15.288749694824219
15.136549949645996
15.229949951171875
15.196900367736816
15.195500373840332
15.221599578857422
15.259200096130371
15.216449737548828
15.208250045776367
15.253250122070312
15.338899612426758
15.372599601745605
15.375499725341797
15.362150192260742
15.326399803161621
15.409749984741211
15.42864990234375
15.271400451660156
15.30115032196045
15.436750411987305
15.371000289916992
15.420949935913086
15.504500389099121
15.504500389099121
15.518950462341309
15.551850318908691
15.484450340270996
15.521750450134277
15.558600425720215
15.63224983215332
15.613450050354004
15.646400451660156
15.637200355529785
15.603349685668945
15.705699920654297
15.660750389099121
15.691550254821777
15.717700004577637
15.733449935913086
15.682900428771973
15.715849876403809
15.742799758911133
15.78380012512207
15.77239990234375
15.741049766540527
15.792400360107422
15.80055046081543
15.881950378417969
15.853500366210938
15.907549858093262
15.865099906921387
15.892950057983398
15.892800331115723
15.907400131225586
15.924850463867188
15.849100112915039
15.865300178527832
15.865599632263184
15.865599632263184
15.949549674987793
15.917750358581543
15.825550079345703
15.91759967803955
15.852849960327148
15.965649604797363
15.93844985961914
15.896100044250488
15.852849960327148
15.932649612426758
15.957599639892578
15.897950172424316
15.866399765014648
15.9308500289917
15.846599578857422
15.861849784851074
15.889450073242188
15.894599914550781
15.794300079345703
15.810649871826172
15.821900367736816
15.758049964904785
15.84535026550293
15.844449996948242
15.747050285339355
15.762550354003906
15.75790023803711
15.780349731445312
15.796600341796875
15.709349632263184
15.682299613952637
15.732449531555176
15.63379955291748
15.63379955291748
15.673250198364258
15.700550079345703
15.609550476074219
15.601249694824219
15.597999572753906
15.640999794006348
15.616800308227539
15.62660026550293
15.529850006103516
15.55109977722168
15.54835033416748
15.569199562072754
15.580650329589844
15.624799728393555
15.511850357055664
15.497050285339355
15.501449584960938
15.513099670410156
15.528800010681152
15.618249893188477
15.495149612426758
15.452699661254883
15.45995044708252
15.466850280761719
15.485549926757812
15.507100105285645
15.447799682617188
15.412850379943848
15.429849624633789
15.426600456237793
15.456899642944336
15.478300094604492
15.573349952697754
15.51729965209961
15.492250442504883
15.501700401306152
15.551899909973145
15.541799545288086
15.562100410461426
15.482049942016602
15.504850387573242
15.532999992370605
15.53849983215332
15.566149711608887
15.534850120544434
15.493900299072266
15.510600090026855
15.435600280761719
15.466050148010254
15.499650001525879
15.420450210571289
15.41765022277832
15.444299697875977
15.466850280761719
15.487299919128418
15.508600234985352
15.516400337219238
15.427300453186035
15.437600135803223
15.442150115966797
15.425399780273438
15.472649574279785
15.474300384521484
15.374300003051758
15.394550323486328
15.33275032043457
15.39430046081543
15.430649757385254
15.309650421142578
15.301750183105469
15.301799774169922
15.314000129699707
15.329649925231934
15.304800033569336
15.233149528503418
15.244199752807617
15.248350143432617
15.255849838256836
15.269350051879883
15.252699851989746
15.204000473022461
15.174750328063965
15.25195026397705
15.266200065612793
15.285099983215332
15.312450408935547
15.210249900817871
15.212949752807617
15.2212495803833
15.246649742126465
15.284549713134766
15.288700103759766
15.198100090026855
15.199250221252441
15.205050468444824
15.22089958190918
15.245699882507324
15.283300399780273
15.27334976196289
15.27334976196289
15.202750205993652
15.204950332641602
15.241100311279297
15.280599594116211
15.28499984741211
15.20514965057373
15.20479965209961
15.224550247192383
15.256699562072754
15.29520034790039
15.316399574279785
15.327750205993652
15.241900444030762
15.18910026550293
15.208100318908691
15.221699714660645
15.253899574279785
15.288249969482422
15.319499969482422
15.217550277709961
15.213350296020508
15.229499816894531
15.252900123596191
15.293399810791016
15.319700241088867
15.330750465393066
15.219099998474121
15.232950210571289
15.249600410461426
15.274649620056152
15.322199821472168
15.337050437927246
15.232099533081055
15.246700286865234
15.252599716186523
15.354299545288086
15.311349868774414
15.3462495803833
15.397950172424316
15.413399696350098
15.41919994354248
15.461999893188477
15.454000473022461
15.529450416564941
15.46560001373291
15.441699981689453
15.452799797058105
15.46560001373291
15.510950088500977
15.485400199890137
15.519000053405762
15.431900024414062
15.44789981842041
15.450400352478027
15.480799674987793
15.528249740600586
15.505049705505371
15.414899826049805
15.4264497756958
15.444600105285645
15.47029972076416
15.512800216674805
15.532950401306152
15.411749839782715
15.421950340270996
15.433250427246094
15.448349952697754
15.490850448608398
15.521900177001953
15.294699668884277
15.42134952545166
15.453049659729004
15.473699569702148
15.48390007019043
15.49275016784668
15.506500244140625
15.405699729919434
15.47439956665039
15.444049835205078
15.446450233459473
15.471199989318848
15.54265022277832
15.553299903869629
15.395549774169922
15.437700271606445
15.455499649047852
15.493949890136719
15.524700164794922
15.569999694824219
15.516400337219238
15.474249839782715
15.51764965057373
15.542400360107422
15.547900199890137
15.57759952545166
15.510250091552734
15.47035026550293
15.484000205993652
15.505399703979492
15.535900115966797
15.567449569702148
15.432000160217285
15.31659984588623
15.381600379943848
15.397899627685547
15.460149765014648
15.460149765014648
15.49899959564209
15.41724967956543
15.407899856567383
15.407150268554688
15.431150436401367
15.45740032196045
15.482099533081055
15.356749534606934
15.290949821472168
15.336350440979004
15.360750198364258
15.419400215148926
15.449999809265137
15.336799621582031
15.274100303649902
15.281749725341797
15.288649559020996
15.320899963378906
15.372750282287598
15.29265022277832
15.244750022888184
15.273650169372559
15.120200157165527
15.152400016784668
15.190250396728516
15.187350273132324
15.11240005493164
15.151849746704102
15.183699607849121
15.305800437927246
15.372150421142578
15.305000305175781
15.326800346374512
15.393150329589844
15.393150329589844
15.490699768066406
15.527549743652344
15.528050422668457
15.459650039672852
15.522049903869629
15.564299583435059
15.681400299072266
15.728050231933594
15.681449890136719
15.670649528503418
15.718250274658203
15.765700340270996
15.804149627685547
15.845649719238281
15.847999572753906
15.738200187683105
15.774550437927246
15.715649604797363
15.847800254821777
15.964249610900879
16.033000946044922
15.847649574279785
15.925049781799316
15.897500038146973
15.989049911499023
15.981450080871582
16.104650497436523
15.947099685668945
16.065750122070312
16.12165069580078
16.02720069885254
16.15814971923828
16.189699172973633
16.12660026550293
16.146400451660156
16.146400451660156
16.231449127197266
16.262649536132812
16.281949996948242
16.253400802612305
16.256799697875977
16.30470085144043
16.34429931640625
16.369049072265625
16.303550720214844
16.308349609375
16.33785057067871
16.352100372314453
16.399450302124023
16.39875030517578
16.324949264526367
16.338350296020508
16.37849998474121
16.415149688720703
16.45509910583496
16.380800247192383
16.37179946899414
16.40904998779297
16.420150756835938
16.459999084472656
16.490449905395508
16.242549896240234
16.24519920349121
16.425050735473633
16.28190040588379
16.312549591064453
16.319299697875977
16.411550521850586
16.242399215698242
16.268749237060547
16.427400588989258
16.323650360107422
16.443050384521484
16.24340057373047
16.296649932861328
16.3216495513916
16.35354995727539
16.31945037841797
16.350849151611328
16.337900161743164
16.448650360107422
16.417800903320312
16.432449340820312
16.4060001373291
16.320199966430664
16.375
16.377399444580078
16.424449920654297
16.448549270629883
16.354999542236328
16.42314910888672
16.492300033569336
16.4685001373291
16.530399322509766
16.486900329589844
16.43670082092285
16.47089958190918
16.489700317382812
16.498899459838867
16.528099060058594
16.413999557495117
16.43214988708496
16.44770050048828
16.466999053955078
16.497499465942383
16.475200653076172
16.475200653076172
16.42085075378418
16.428150177001953
16.447500228881836
16.473350524902344
16.430349349975586
16.42460060119629
16.424150466918945
16.472999572753906
16.469999313354492
16.52964973449707
16.497549057006836
16.41735076904297
16.451900482177734
16.461349487304688
16.463300704956055
16.486949920654297
16.403850555419922
16.423599243164062
16.451400756835938
16.481849670410156
16.504199981689453
16.500350952148438
16.410049438476562
16.41939926147461
16.445600509643555
16.447650909423828
16.469449996948242
16.49304962158203
16.47369956970215
16.51129913330078
16.41950035095215
0.015496700070798397
0.015504850074648857
0.015410399995744228
0.01542459987103939
0.015430250205099583
0.015437600202858448
0.015448699705302715
0.015450350008904934
0.015277699567377567
0.015245949849486351
0.015367450192570686
0.015367450192570686
0.015264649875462055
0.015265099704265594
0.01527244970202446
0.015177600085735321
0.015181999653577805
0.015180700458586216
0.015190349891781807
0.015199299901723862
0.015153350308537483
0.015102850273251534
0.015110449865460396
0.015102500095963478
0.015109250321984291
0.015231800265610218
0.015235049650073051
0.01514384988695383
0.015135900117456913
0.015135199762880802
0.01513459999114275
0.015142800286412239
0.015088600106537342
0.015022899955511093
0.015020799823105335
0.014989250339567661
0.0149015998467803
0.014897899702191353
0.014731399714946747
0.014698750339448452
0.014639750123023987
0.014598149806261063
0.01459440030157566
0.014601700007915497
0.014586050063371658
0.014586050063371658
0.014531100168824196
0.014583400450646877
0.014591949991881847
0.014638950116932392
0.014575749635696411
0.01454870030283928
0.014562349766492844
0.01457150001078844
0.014589199796319008
0.014572449959814548
0.0144726000726223
0.01448769960552454
0.01450360007584095
0.01452529989182949
0.014546399936079979
0.014470799826085567
0.014464049600064754
0.014471599832177162
0.014484950341284275
0.01450360007584095
0.014460500329732895
0.014426649548113346
0.01444500032812357
0.01446984987705946
0.014494050294160843
0.014454750344157219
0.014417449943721294
0.01444154977798462
0.014454400166869164
0.014484049752354622
0.014525200240314007
0.014474050141870975
0.014464249834418297
0.014464249834418297
0.014522549696266651
0.014554150402545929
0.014591500163078308
0.014525200240314007
0.014535799622535706
0.014573450200259686
0.014618949964642525
0.01464760024100542
0.0146872503682971
0.014632299542427063
0.01466704998165369
0.014709300361573696
0.014738599769771099
0.01478280033916235
0.014806600287556648
0.014744349755346775
0.014797000214457512
0.01481535006314516
0.014840199612081051
0.014887349680066109
0.014911900274455547
0.01486045029014349
0.01489229965955019
0.014923550188541412
0.01495909970253706
0.015034300275146961
0.015063299797475338
0.015013299882411957
0.01503629982471466
0.01505925040692091
0.015093149617314339
0.015123249962925911
0.014971399679780006
0.014971399679780006
0.015116349793970585
0.015089849941432476
0.01514974981546402
0.014997799880802631
0.015033249743282795
0.01498270034790039
0.015004600398242474
0.015027949586510658
0.015179449692368507
0.015068650245666504
0.015233599580824375
0.015051149763166904
0.015059949830174446
0.015086949802935123
0.015116250142455101
0.015135900117456913
0.015164799988269806
0.015106350183486938
0.015105949714779854
0.015136100351810455
0.015165000222623348
0.01517964992672205
0.01520525012165308
0.015133099630475044
0.015151499770581722
0.0151698999106884
0.015194449573755264
0.015207500196993351
0.1000092476606369
0.0999813973903656
0.09995155036449432
0.09994754940271378
0.10007110238075256
0.10004650056362152
0.09980030357837677
0.10002115368843079
0.0999879464507103
0.1000901535153389
0.10009945183992386
0.09990765154361725
0.10007569938898087
0.1000588983297348
0.10006190091371536
0.10016550123691559
0.10014639794826508
0.10014349967241287
0.10011974722146988
0.10009480267763138
0.10018900036811829
0.10020460188388824
0.10019019991159439
0.10017599910497665
0.10015960037708282
0.09995284676551819
0.10018164664506912
0.10036984831094742
0.10035210102796555
0.10034225136041641
0.10031445324420929
0.10017319768667221
0.10017140209674835
0.10015714913606644
0.10015755146741867
0.10013674944639206
0.10011105239391327
0.10009489953517914
0.10023009777069092
0.10016194730997086
0.10014980286359787
0.10013200342655182
0.10009974986314774
0.10015535354614258
0.10015535354614258
0.10020910203456879
0.10018820315599442
0.10018649697303772
0.10015414655208588
0.10021275281906128
0.10013645142316818
0.10037419945001602
0.10035970062017441
0.10035665333271027
0.10032615065574646
0.10029269754886627
0.1002764031291008
0.10040280222892761
0.10039065033197403
0.10038450360298157
0.10035160183906555
0.10032664984464645
0.10025174915790558
0.10056845098733902
0.10056760162115097
0.10056369751691818
0.10053624957799911
0.10050365328788757
0.10054170340299606
0.10062234848737717
0.10061535239219666
0.10060930252075195
0.10057800263166428
0.10054899752140045
0.10067275166511536
0.1007056012749672
0.1007056012749672
0.10064580291509628
0.10062769800424576
0.10055425018072128
0.10064174979925156
0.10078199952840805
0.10076890140771866
0.10068219900131226
0.10075545310974121
0.10071150213479996
0.10069239884614944
0.10082630068063736
1009742
1010361
1011569
1011305
1011003
1010382
1009748
1011477
1009483.5
1011537
1011430
1010859.5
1010222.5
1011798.5
1010620.5
1010510
1010918
1010091.5
1009442.5
1011693
1012283
1012160.5
1011909.5
1011153.5
1011237.5
1013668.5
1013668.5
1013386.5
1012978
1012043.5
1012850
1014489
1014461.5
1014252.5
1013702.5
1012969
1011951.5
1013996
1014397
1014099.5
1014962
1015231
1013251
1014431.5
1014542
1014016.5
1013052.5
1012174.5
1011276
1011005.5
1012317
1011577
1011116.5
1009917.5
1009112
1008739
1009660
1008823.5
1008408.5
1007649
1005562
1005562
1006942.5
1006932
1006301
1006896.5
1004688.5
1003949
1003141
1004344
1004177
1003576.5
1003185.5
1002177
1001103
1002352.5
1001826
1001479
1000699
999754.5
999975
1000783.5
1000230.5
999729
998855.5
998641
999824
1001297
1001107.5
1000226
1000256.5
999870
1001297
1001370
1001182.5
1001473.5
1000266
1000757
1001642.5
1001569.5
1001361
1000953
1000471.5
1002290.5
1002185.5
999854
999598
1001318.5
1002333.5
1003029
1002734.5
1002510
1001949.5
1001913
1003231
1002917.5
1003525
1002278.5
1001687.5
1002840.5
1004386
1004177
1003505.5
1003002.5
1004771
1002252
1004856
1004676.5
1001426
1001426
1004144
1005321
1005155.5
1002255.5
1004539.5
1003697.5
1003318.5
1004990.5
1004973
1004565.5
1003273
1003478.5
1002865
1004262.5
1003912
1003733
1003292.5
1002389
1001782
1001277
1001264.5
1000832.5
1000178
999559
998610
999553.5
999887.5
999204.5
998900
998368.5
997441.5
997801.5
998561.5
998083.5
996824.5
996824.5
994865
995324.5
995771.5
995432
996203.5
994956.5
994359.5
994489.5
995544.5
995153.5
994743
994369
994023
995466
995176
995108
994709.5
994178
995671
995777
995480
996018
995180
994921.5
994717
996564.5
996422
997041
998769
996429.5
998764.5
1000513
1000513
1000988.5
1000025.5
999690.5
998603.5
1001049
1002140.5
1002138.5
1002070
1001704.5
1001407
1002010.5
1003190.5
1003150.5
1003268.5
1002986.5
1002533
1002127
1003835.5
1001308
1004327
1004282
1003826.5
1003479.5
1003327.5
1005357.5
1005891
1005879.5
1005665.5
1002498.5
1001902.5
1006184.5
1006903
1005239
1005239
1003314.5
1002957
1002942
1004688
1004920.5
1004905.5
1003941
1003236
1005160.5
1005731.5
1005602
1008205.5
1005391
1004341
1005724.5
1006900
1007280.5
1007023.5
1007003.5
1006565.5
1005933.5
1007706
1008781
1008851
1008233
1007728
1006946.5
1008778.5
1009607.5
1009582
1011093.5
1010662.5
1008281
1008281
1012894
1012964.5
1013874.5
1013373.5
1012786.5
1014132.5
1015873.5
1016102.5
1014825.5
1014260
1013316
1014624
1016661.5
1016602.5
1016343.5
1015757.5
1016416.5
1015693.5
1017155.5
1019308
1017765
1017324
1017697
1014131
1017125
1017957.5
1019211
1018843
1018154
1016904.5
1016589
1018609
1018757
1018983
1017500.5
1016143.5
1015295.5
1017838.5
1017592
1017276.5
1016187
1014806.5
1015646.5
1016823.5
1016446.5
1013313
1012531.5
1011603
1010203
1011144
1012375.5
1012025
1012848.5
1011963
1010642.5
1010026
1012786
1011899
1011399
1010856
1010286
1007904
1008148
1009544
1009175.5
1008824.5
1008879.5
1008879.5
1008255.5
1009343.5
1009269
1008793
1008514
1007803.5
1007171
1009312
1009921.5
1009758.5
1009263
1008266
1007274
1009974.5
1010091
1010041
1009512.5
1008871
1007778.5
1010045.5
1009602.5
1010405
1010003.5
1009454.5
1008794
1008661
1010527.5
1011574
1011322.5
1011297.5
1010529.5
1009505
1009258
331191.5
332860.5
334356.5
331382
332323
333048
334497
335479
333144.5
333759.5
334226
335275.5
336251.5
336379
334011.5
333797
334978
335727.5
336343
336991
334354.5
334823
335084.5
335814
337003
336730
333814
333929.5
334057.5
334583
335101
335884
336704.5
332305
332830.5
333618
334773.5
334141.5
331654.5
331851.5
332256.5
333283
334076
332288
332393
332327.5
332569
333250
334606.5
334118.5
332842.5
332790
334131
334685.5
335624
337118
334884
334003.5
334600.5
335145
335193.5
336622
334734
334357
335064.5
336149.5
337397
338433
335629.5
336357.5
337119.5
337043
338411
339374
336891
337070.5
338085
338606.5
339857
340521.5
337992.5
338823
339566
342211
342018.5
341760
339425.5
340452
341111.5
342273.5
343143
342140
342601
343321.5
344015
345112
343672.5
342650.5
344196.5
344459
343667.5
343667.5
343934.5
343725.5
344135
343978.5
343169
345196
345370.5
342585
343371.5
343455.5
344196.5
344750.5
341728.5
342268
341086
341749
342450.5
338862.5
339239.5
339051
339657.5
341066
339741.5
337167.5
337316
337168
337552
338025
335909
333894.5
334665
334424.5
332460.5
335222.5
334947.5
331852
331387.5
331500
331693
332474
332890.5
329980
329148.5
329583
330223.5
331251.5
331017
327683
328180.5
328722.5
328934.5
330149.5
330609
327597
327149.5
327903
328838.5
329733
329398
327291
327573
328199
329382.5
330309
329138.5
327479.5
328321
328321
329917.5
329986.5
328378.5
328612.5
328949
329888
331139
328575.5
329073.5
329362.5
330438
331366
329937
328779
328621.5
329182.5
330566.5
328255
327654
328019
328320.5
329514.5
330562
327615.5
328302
328804.5
330314.5
331523.5
331238.5
329648
330643.5
331192.5
332857
333277.5
333277.5
333013.5
333737.5
334609
336369
337054.5
334708.5
335683.5
337041.5
338549.5
339696
340466
338578.5
339920.5
340778.5
342168.5
343136.5
341982
341967
0.035108551383018494
0.03526429831981659
0.03526429831981659
0.035221900790929794
0.03533799946308136
0.035492751747369766
0.03565644845366478
0.035521700978279114
0.03560024872422218
0.0357172004878521
0.03582119941711426
0.035964950919151306
0.03605920076370239
0.0358755998313427
0.035947199910879135
0.03606415167450905
0.03619825094938278
0.03632489964365959
0.03624914959073067
0.03621340170502663
0.03631209954619408
0.03640294820070267
0.03655045107007027
0.036575499922037125
0.03665800020098686
0.03647724911570549
0.0366024486720562
0.0366876982152462
0.036808498203754425
0.036881498992443085
0.03691054880619049
0.036714449524879456
0.036775100976228714
0.036876048892736435
0.03687075152993202
0.037047699093818665
0.03713129833340645
0.03691820055246353
0.037031300365924835
0.03710100054740906
0.037202149629592896
0.037252701818943024
0.03702550008893013
0.03707585111260414
0.037135448306798935
0.03718484938144684
0.03726769983768463
0.037306349724531174
0.036897800862789154
0.03698670119047165
0.03702609986066818
0.03707759827375412
0.0371413491666317
0.03704439848661423
0.037054549902677536
0.03711250051856041
0.037004098296165466
0.03720960021018982
0.03728010132908821
0.03702880069613457
0.037094149738550186
0.037110548466444016
0.0371410995721817
0.037067800760269165
0.037025898694992065
0.036796148866415024
0.03679319843649864
0.03679319843649864
0.036832451820373535
0.03693515062332153
0.03678319975733757
0.03656040132045746
0.03659214824438095
0.03642059862613678
0.03657419979572296
0.0365849994122982
0.036573249846696854
0.03622699901461601
0.03620930016040802
0.03616325184702873
0.036177750676870346
0.03618960082530975
0.03594575077295303
0.03578545153141022
0.0357683002948761
0.03576885163784027
0.03578739985823631
0.0358196496963501
0.03549579903483391
0.03541114926338196
0.03541480004787445
0.03543645143508911
0.03542035073041916
0.03547130152583122
0.035456299781799316
0.0351019985973835
0.03510554879903793
0.03686720132827759
0.036850299686193466
0.03696255013346672
0.037092749029397964
0.037016499787569046
0.03670474886894226
0.036754000931978226
0.036758098751306534
0.036920998245477676
0.0369967482984066
0.03686179965734482
0.03664484992623329
0.03669999912381172
0.03674834966659546
0.03689885139465332
0.037004001438617706
0.03670575097203255
0.036632951349020004
0.0366799496114254
0.036768849939107895
0.036929450929164886
0.03703384846448898
0.036653801798820496
0.03663630038499832
0.0367094986140728
0.0367714986205101
0.03693670034408569
0.037095651030540466
0.03676129877567291
0.036722201853990555
0.036774151027202606
0.036864448338747025
0.03703169897198677
0.03710319846868515
0.036792248487472534
0.036848898977041245
0.03687094897031784
0.037005700170993805
0.0371784009039402
0.03726334869861603
